Ratio Hole A,Ratio Neighbors,Ratio Outer Holes,Total
0.0,0.46875,0.53125,32
0.0,0.45161290322580644,0.5483870967741935,31
0.05357142857142857,0.35714285714285715,0.5892857142857143,56
0.0,0.358974358974359,0.6410256410256411,39
0.030303030303030304,0.3484848484848485,0.6212121212121212,66
0.03225806451612903,0.4032258064516129,0.5645161290322581,62
0.0,0.6666666666666666,0.3333333333333333,6
0.041666666666666664,0.4583333333333333,0.5,24
0.14285714285714285,0.14285714285714285,0.7142857142857143,7
0.07142857142857142,0.5,0.42857142857142855,14
0.0,0.21052631578947367,0.7894736842105263,19
0.041666666666666664,0.4166666666666667,0.5416666666666666,24
0.10638297872340426,0.44680851063829785,0.44680851063829785,47
0.058823529411764705,0.3235294117647059,0.6176470588235294,34
0.0,0.16666666666666666,0.8333333333333334,6
nan,nan,nan,nan
0.0,0.5,0.5,4
0.0,0.24242424242424243,0.7575757575757576,33
0.0,0.375,0.625,8
0.075,0.425,0.5,40
0.02631578947368421,0.3157894736842105,0.6578947368421053,38
0.0,0.23076923076923078,0.7692307692307693,13
0.03333333333333333,0.26666666666666666,0.7,30
0.06896551724137931,0.3793103448275862,0.5517241379310345,29
0.015151515151515152,0.4393939393939394,0.5454545454545454,66
0.15,0.4,0.45,20
0.02702702702702703,0.43243243243243246,0.5405405405405406,37
nan,nan,nan,nan
0.0,0.5,0.5,2
0.0,0.35714285714285715,0.6428571428571429,14
nan,nan,nan,nan
0.0,0.5625,0.4375,16
0.034482758620689655,0.4482758620689655,0.5172413793103449,29
0.0,0.25,0.75,4
0.0,0.23529411764705882,0.7647058823529411,17
0.07692307692307693,0.3333333333333333,0.5897435897435898,39
0.0,0.42424242424242425,0.5757575757575758,33
0.047619047619047616,0.3333333333333333,0.6190476190476191,21
nan,nan,nan,nan
0.043478260869565216,0.41304347826086957,0.5434782608695652,46
0.058823529411764705,0.29411764705882354,0.6470588235294118,17
0.16,0.24,0.6,25
0.0,0.38461538461538464,0.6153846153846154,13
0.025,0.425,0.55,40
nan,nan,nan,nan
0.0,0.6666666666666666,0.3333333333333333,6
0.0,0.3,0.7,30
0.049019607843137254,0.3333333333333333,0.6176470588235294,102
0.0,0.0,1.0,1
0.012345679012345678,0.49382716049382713,0.49382716049382713,81
0.1,0.6,0.3,10
0.013157894736842105,0.35526315789473684,0.631578947368421,76
nan,nan,nan,nan
0.0,0.25,0.75,12
0.06896551724137931,0.1724137931034483,0.7586206896551724,29
0.0,0.08333333333333333,0.9166666666666666,12
0.0,0.2,0.8,5
0.041666666666666664,0.20833333333333334,0.75,24
0.0,0.2777777777777778,0.7222222222222222,18
0.037037037037037035,0.1111111111111111,0.8518518518518519,27
0.16666666666666666,0.3333333333333333,0.5,6
0.11764705882352941,0.4117647058823529,0.47058823529411764,17
0.0,0.5,0.5,2
0.025974025974025976,0.4025974025974026,0.5714285714285714,77
0.0,0.47058823529411764,0.5294117647058824,34
nan,nan,nan,nan
0.041666666666666664,0.4583333333333333,0.5,24
0.14285714285714285,0.2857142857142857,0.5714285714285714,14
nan,nan,nan,nan
nan,nan,nan,nan
0.1,0.4,0.5,20
0.0,0.5454545454545454,0.45454545454545453,11
0.0,0.125,0.875,8
nan,nan,nan,nan
0.3333333333333333,0.3333333333333333,0.3333333333333333,3
0.10810810810810811,0.35135135135135137,0.5405405405405406,37
0.0,0.48,0.52,25
0.09090909090909091,0.3181818181818182,0.5909090909090909,22
0.15789473684210525,0.15789473684210525,0.6842105263157895,19
0.030303030303030304,0.2727272727272727,0.696969696969697,66
0.0,0.35714285714285715,0.6428571428571429,14
0.3333333333333333,0.1111111111111111,0.5555555555555556,9
0.0,0.375,0.625,8
nan,nan,nan,nan
0.03125,0.484375,0.484375,64
0.0,0.40350877192982454,0.5964912280701754,57
0.06,0.32,0.62,50
0.0,0.30434782608695654,0.6956521739130435,23
0.0,0.5,0.5,2
nan,nan,nan,nan
0.07317073170731707,0.3902439024390244,0.5365853658536586,41
0.05263157894736842,0.35526315789473684,0.5921052631578947,76
0.0,0.4,0.6,25
0.0,0.0,1.0,2
0.0,0.35,0.65,20
0.11764705882352941,0.29411764705882354,0.5882352941176471,17
nan,nan,nan,nan
0.05128205128205128,0.4358974358974359,0.5128205128205128,39
0.028037383177570093,0.3925233644859813,0.5794392523364486,107
nan,nan,nan,nan
0.125,0.25,0.625,8
0.0,0.2222222222222222,0.7777777777777778,9
0.04,0.32,0.64,25
0.06944444444444445,0.3611111111111111,0.5694444444444444,72
0.06896551724137931,0.4827586206896552,0.4482758620689655,29
0.0,0.36363636363636365,0.6363636363636364,11
0.0,0.0,1.0,1
0.03125,0.3958333333333333,0.5729166666666666,96
0.0,0.47058823529411764,0.5294117647058824,17
0.0,0.6666666666666666,0.3333333333333333,15
0.03571428571428571,0.3869047619047619,0.5773809523809523,168
0.0,0.35714285714285715,0.6428571428571429,28
0.0,0.6923076923076923,0.3076923076923077,13
0.0,0.25,0.75,16
0.023809523809523808,0.2619047619047619,0.7142857142857143,42
0.021505376344086023,0.3655913978494624,0.6129032258064516,93
0.15384615384615385,0.07692307692307693,0.7692307692307693,13
0.01694915254237288,0.4406779661016949,0.5423728813559322,59
0.0,0.5,0.5,8
nan,nan,nan,nan
0.05714285714285714,0.2571428571428571,0.6857142857142857,35
nan,nan,nan,nan
nan,nan,nan,nan
nan,nan,nan,nan
0.0,0.25,0.75,4
0.0625,0.4166666666666667,0.5208333333333334,48
0.029411764705882353,0.47058823529411764,0.5,34
0.0,0.24242424242424243,0.7575757575757576,33
0.06451612903225806,0.3548387096774194,0.5806451612903226,31
0.0,0.5,0.5,2
0.0,0.32142857142857145,0.6785714285714286,28
0.05660377358490566,0.4339622641509434,0.5094339622641509,53
0.043478260869565216,0.2608695652173913,0.6956521739130435,23
0.03571428571428571,0.4642857142857143,0.5,28
0.0,0.29411764705882354,0.7058823529411765,34
0.05263157894736842,0.42105263157894735,0.5263157894736842,38
0.13793103448275862,0.41379310344827586,0.4482758620689655,29
0.024691358024691357,0.41975308641975306,0.5555555555555556,81
0.0,0.0,1.0,5
0.0547945205479452,0.3972602739726027,0.547945205479452,73
0.03125,0.3125,0.65625,32
0.031746031746031744,0.42857142857142855,0.5396825396825397,63
0.0,0.2857142857142857,0.7142857142857143,7
0.14285714285714285,0.42857142857142855,0.42857142857142855,7
0.037037037037037035,0.4444444444444444,0.5185185185185185,27
0.07142857142857142,0.2857142857142857,0.6428571428571429,14
0.043478260869565216,0.34782608695652173,0.6086956521739131,23
nan,nan,nan,nan
0.0,0.43478260869565216,0.5652173913043478,23
0.08163265306122448,0.3469387755102041,0.5714285714285714,49
0.03225806451612903,0.3225806451612903,0.6451612903225806,31
0.08888888888888889,0.4888888888888889,0.4222222222222222,45
0.037037037037037035,0.48148148148148145,0.48148148148148145,27
0.0,0.25,0.75,4
0.01818181818181818,0.41818181818181815,0.5636363636363636,55
0.016666666666666666,0.4666666666666667,0.5166666666666667,60
nan,nan,nan,nan
0.11764705882352941,0.23529411764705882,0.6470588235294118,17
0.0196078431372549,0.39215686274509803,0.5882352941176471,51
0.0,0.0,1.0,3
0.0,0.5,0.5,4
nan,nan,nan,nan
nan,nan,nan,nan
0.0,0.2833333333333333,0.7166666666666667,60
0.0,0.6666666666666666,0.3333333333333333,6
0.07954545454545454,0.375,0.5454545454545454,88
nan,nan,nan,nan
0.029411764705882353,0.38235294117647056,0.5882352941176471,34
0.0,0.25,0.75,8
1.0,0.0,0.0,1
nan,nan,nan,nan
0.0,0.3684210526315789,0.631578947368421,19
0.0,0.4666666666666667,0.5333333333333333,15
0.0,0.2,0.8,10
0.09090909090909091,0.6363636363636364,0.2727272727272727,11
0.0,0.42857142857142855,0.5714285714285714,21
0.043478260869565216,0.34782608695652173,0.6086956521739131,23
0.04838709677419355,0.3870967741935484,0.5645161290322581,62
0.0,0.30434782608695654,0.6956521739130435,69
0.017543859649122806,0.3684210526315789,0.6140350877192983,57
0.0,0.2727272727272727,0.7272727272727273,11
0.0,0.6363636363636364,0.36363636363636365,22
0.0,0.3333333333333333,0.6666666666666666,6
0.05405405405405406,0.32432432432432434,0.6216216216216216,37
0.0,0.41935483870967744,0.5806451612903226,31
0.0,0.2830188679245283,0.7169811320754716,53
0.0,0.2857142857142857,0.7142857142857143,7
0.0,0.3448275862068966,0.6551724137931034,29
0.0,0.42857142857142855,0.5714285714285714,21
0.0,0.3333333333333333,0.6666666666666666,6
nan,nan,nan,nan
0.16666666666666666,0.3333333333333333,0.5,6
0.025,0.475,0.5,40
0.0,0.3333333333333333,0.6666666666666666,6
nan,nan,nan,nan
0.016129032258064516,0.4032258064516129,0.5806451612903226,62
0.0,0.0,1.0,3
nan,nan,nan,nan
0.0,0.375,0.625,16
0.1111111111111111,0.2222222222222222,0.6666666666666666,9
0.0,0.0,1.0,4
nan,nan,nan,nan
0.034482758620689655,0.41379310344827586,0.5517241379310345,29
0.08333333333333333,0.08333333333333333,0.8333333333333334,12
0.0,0.34210526315789475,0.6578947368421053,38
0.0,0.25,0.75,12
0.020833333333333332,0.3333333333333333,0.6458333333333334,48
0.05555555555555555,0.4444444444444444,0.5,18
0.05263157894736842,0.2631578947368421,0.6842105263157895,19
0.045454545454545456,0.45454545454545453,0.5,22
nan,nan,nan,nan
0.14285714285714285,0.0,0.8571428571428571,7
0.0,0.2857142857142857,0.7142857142857143,7
0.125,0.5,0.375,8
0.041666666666666664,0.5,0.4583333333333333,24
0.07228915662650602,0.3253012048192771,0.6024096385542169,83
0.0,0.33962264150943394,0.660377358490566,53
0.029411764705882353,0.35294117647058826,0.6176470588235294,34
0.0,0.45,0.55,20
0.0,0.45454545454545453,0.5454545454545454,11
nan,nan,nan,nan
0.08,0.4,0.52,25
0.07407407407407407,0.4074074074074074,0.5185185185185185,27
0.041666666666666664,0.25,0.7083333333333334,24
0.0851063829787234,0.3191489361702128,0.5957446808510638,47
0.0,0.3684210526315789,0.631578947368421,19
0.1111111111111111,0.3333333333333333,0.5555555555555556,18
nan,nan,nan,nan
0.0,0.375,0.625,32
0.16666666666666666,0.5,0.3333333333333333,6
0.05,0.35,0.6,20
0.16666666666666666,0.0,0.8333333333333334,6
0.0,0.15384615384615385,0.8461538461538461,13
0.021739130434782608,0.34782608695652173,0.6304347826086957,46
0.08333333333333333,0.4166666666666667,0.5,12
nan,nan,nan,nan
nan,nan,nan,nan
0.0,0.6,0.4,5
0.0,0.3181818181818182,0.6818181818181818,22
0.0,0.4482758620689655,0.5517241379310345,29
0.02631578947368421,0.2631578947368421,0.7105263157894737,38
0.0,0.25,0.75,4
0.07692307692307693,0.3076923076923077,0.6153846153846154,13
0.09523809523809523,0.6190476190476191,0.2857142857142857,21
0.09090909090909091,0.36363636363636365,0.5454545454545454,11
0.09090909090909091,0.2727272727272727,0.6363636363636364,11
0.03773584905660377,0.20754716981132076,0.7547169811320755,53
0.0,0.38095238095238093,0.6190476190476191,21
0.0,0.16666666666666666,0.8333333333333334,12
0.0625,0.3392857142857143,0.5982142857142857,112
nan,nan,nan,nan
0.027777777777777776,0.3333333333333333,0.6388888888888888,36
0.0,0.5,0.5,22
nan,nan,nan,nan
0.06666666666666667,0.26666666666666666,0.6666666666666666,30
0.05405405405405406,0.43243243243243246,0.5135135135135135,37
0.037037037037037035,0.4444444444444444,0.5185185185185185,27
nan,nan,nan,nan
0.11764705882352941,0.17647058823529413,0.7058823529411765,17
0.04878048780487805,0.4146341463414634,0.5365853658536586,41
nan,nan,nan,nan
0.04,0.32,0.64,25
0.0,0.6,0.4,15
0.08333333333333333,0.25,0.6666666666666666,12
0.0,0.40540540540540543,0.5945945945945946,37
0.05,0.4,0.55,20
0.0,0.3333333333333333,0.6666666666666666,6
0.0,0.3333333333333333,0.6666666666666666,18
0.0,0.0,1.0,6
0.0,0.42105263157894735,0.5789473684210527,19
nan,nan,nan,nan
0.046875,0.40625,0.546875,64
0.10526315789473684,0.47368421052631576,0.42105263157894735,19
0.0,0.5,0.5,18
0.0,0.2857142857142857,0.7142857142857143,14
0.0,0.5,0.5,2
0.024390243902439025,0.36585365853658536,0.6097560975609756,41
0.0,0.5416666666666666,0.4583333333333333,24
0.0,0.3,0.7,20
0.05263157894736842,0.47368421052631576,0.47368421052631576,19
0.034482758620689655,0.20689655172413793,0.7586206896551724,29
0.09090909090909091,0.36363636363636365,0.5454545454545454,11
0.037037037037037035,0.37037037037037035,0.5925925925925926,81
0.08333333333333333,0.08333333333333333,0.8333333333333334,12
0.05263157894736842,0.21052631578947367,0.7368421052631579,19
0.0,0.28,0.72,25
0.045454545454545456,0.45454545454545453,0.5,22
0.1111111111111111,0.2222222222222222,0.6666666666666666,27
0.08333333333333333,0.3333333333333333,0.5833333333333334,12
0.09090909090909091,0.3181818181818182,0.5909090909090909,22
0.03333333333333333,0.3333333333333333,0.6333333333333333,30
nan,nan,nan,nan
0.0,0.3333333333333333,0.6666666666666666,6
0.020833333333333332,0.375,0.6041666666666666,48
0.0,0.5833333333333334,0.4166666666666667,12
0.0,0.5,0.5,4
0.0,0.25,0.75,8
nan,nan,nan,nan
0.0,0.8,0.2,5
0.03508771929824561,0.5087719298245614,0.45614035087719296,57
0.025,0.4,0.575,80
0.04285714285714286,0.42857142857142855,0.5285714285714286,70
0.025,0.375,0.6,40
0.0,0.3333333333333333,0.6666666666666666,36
0.0,0.3333333333333333,0.6666666666666666,36
0.0,0.5,0.5,2
0.05263157894736842,0.2631578947368421,0.6842105263157895,19
nan,nan,nan,nan
nan,nan,nan,nan
0.029411764705882353,0.2647058823529412,0.7058823529411765,68
0.0,1.0,0.0,1
0.0,0.5217391304347826,0.4782608695652174,23
0.06666666666666667,0.26666666666666666,0.6666666666666666,15
nan,nan,nan,nan
0.0,0.3181818181818182,0.6818181818181818,22
0.057971014492753624,0.3188405797101449,0.6231884057971014,69
0.045454545454545456,0.2727272727272727,0.6818181818181818,22
0.017543859649122806,0.3157894736842105,0.6666666666666666,57
0.0,0.5,0.5,12
0.0,0.42105263157894735,0.5789473684210527,19
0.023255813953488372,0.27906976744186046,0.6976744186046512,43
0.05263157894736842,0.3684210526315789,0.5789473684210527,19
0.0,0.2463768115942029,0.7536231884057971,69
nan,nan,nan,nan
0.0,0.14285714285714285,0.8571428571428571,7
0.02857142857142857,0.3142857142857143,0.6571428571428571,35
nan,nan,nan,nan
0.0,0.453125,0.546875,64
0.0,0.25,0.75,4
0.010526315789473684,0.4,0.5894736842105263,95
nan,nan,nan,nan
0.02564102564102564,0.46153846153846156,0.5128205128205128,39
0.030303030303030304,0.3181818181818182,0.6515151515151515,66
0.0,0.4090909090909091,0.5909090909090909,22
0.0,0.22727272727272727,0.7727272727272727,22
0.0,0.75,0.25,4
nan,nan,nan,nan
0.0,0.26666666666666666,0.7333333333333333,15
nan,nan,nan,nan
0.0,0.4,0.6,55
0.08333333333333333,0.0,0.9166666666666666,12
0.5,0.0,0.5,4
0.2,0.0,0.8,5
0.0,0.5961538461538461,0.40384615384615385,52
0.0,0.2,0.8,10
0.08333333333333333,0.3055555555555556,0.6111111111111112,36
0.0,0.5,0.5,2
0.07407407407407407,0.38271604938271603,0.5432098765432098,81
nan,nan,nan,nan
0.3333333333333333,0.3333333333333333,0.3333333333333333,3
nan,nan,nan,nan
0.07692307692307693,0.358974358974359,0.5641025641025641,39
0.0,0.5,0.5,12
0.0,0.5,0.5,4
0.25,0.25,0.5,4
0.022988505747126436,0.3333333333333333,0.6436781609195402,87
0.0,0.6666666666666666,0.3333333333333333,3
0.019230769230769232,0.3269230769230769,0.6538461538461539,52
0.0,0.3333333333333333,0.6666666666666666,18
0.1,0.3,0.6,10
0.0625,0.375,0.5625,32
0.0,0.0,1.0,3
0.0625,0.4375,0.5,32
0.0,0.3333333333333333,0.6666666666666666,3
0.022222222222222223,0.35555555555555557,0.6222222222222222,45
0.017543859649122806,0.3684210526315789,0.6140350877192983,57
0.0,0.3783783783783784,0.6216216216216216,37
0.0,0.2727272727272727,0.7272727272727273,33
0.045454545454545456,0.45454545454545453,0.5,44
0.0,0.5,0.5,6
0.0,0.0,1.0,2
0.0,0.3090909090909091,0.6909090909090909,55
nan,nan,nan,nan
0.047619047619047616,0.2857142857142857,0.6666666666666666,42
nan,nan,nan,nan
0.0,0.6,0.4,5
nan,nan,nan,nan
0.06666666666666667,0.4,0.5333333333333333,15
0.0,0.75,0.25,4
0.14285714285714285,0.2857142857142857,0.5714285714285714,14
0.045454545454545456,0.3181818181818182,0.6363636363636364,22
0.0,0.2413793103448276,0.7586206896551724,29
0.01818181818181818,0.4,0.5818181818181818,55
0.0,0.5,0.5,24
0.0,1.0,0.0,1
0.05,0.36666666666666664,0.5833333333333334,60
nan,nan,nan,nan
0.09090909090909091,0.3181818181818182,0.5909090909090909,22
0.16666666666666666,0.3333333333333333,0.5,12
0.0,0.4444444444444444,0.5555555555555556,27
nan,nan,nan,nan
0.0,0.0,1.0,1
0.03125,0.375,0.59375,64
0.022222222222222223,0.4222222222222222,0.5555555555555556,45
0.04,0.4,0.56,25
0.14285714285714285,0.5714285714285714,0.2857142857142857,7
0.0,0.6666666666666666,0.3333333333333333,3
0.02631578947368421,0.4473684210526316,0.5263157894736842,38
0.0625,0.25,0.6875,32
0.04938271604938271,0.2962962962962963,0.654320987654321,81
nan,nan,nan,nan
nan,nan,nan,nan
0.0,0.2608695652173913,0.7391304347826086,23
0.0,0.18181818181818182,0.8181818181818182,11
0.0,0.2608695652173913,0.7391304347826086,23
0.016129032258064516,0.3387096774193548,0.6451612903225806,62
0.0,0.0,1.0,6
0.0,0.17647058823529413,0.8235294117647058,17
nan,nan,nan,nan
0.047619047619047616,0.42857142857142855,0.5238095238095238,21
0.0,0.4444444444444444,0.5555555555555556,9
0.08695652173913043,0.34782608695652173,0.5652173913043478,46
0.0,0.4411764705882353,0.5588235294117647,34
0.0,0.4,0.6,10
0.0,0.375,0.625,8
0.04,0.36,0.6,25
nan,nan,nan,nan
0.0,0.3333333333333333,0.6666666666666666,3
0.023529411764705882,0.3411764705882353,0.6352941176470588,85
nan,nan,nan,nan
nan,nan,nan,nan
0.3333333333333333,0.0,0.6666666666666666,3
0.07894736842105263,0.3684210526315789,0.5526315789473685,38
0.05194805194805195,0.44155844155844154,0.5064935064935064,77
0.0379746835443038,0.4177215189873418,0.5443037974683544,79
0.0,0.0,1.0,2
0.0,0.0,1.0,6
0.043795620437956206,0.4306569343065693,0.5255474452554745,137
0.0425531914893617,0.44680851063829785,0.5106382978723404,47
0.0625,0.3875,0.55,80
0.0,0.4117647058823529,0.5882352941176471,34
0.1,0.2,0.7,20
0.046511627906976744,0.3953488372093023,0.5581395348837209,86
0.017543859649122806,0.47368421052631576,0.5087719298245614,57
0.05333333333333334,0.37333333333333335,0.5733333333333334,75
0.0,0.8333333333333334,0.16666666666666666,6
0.018867924528301886,0.24528301886792453,0.7358490566037735,53
0.038461538461538464,0.3076923076923077,0.6538461538461539,26
0.0,0.625,0.375,8
0.0,0.23076923076923078,0.7692307692307693,13
nan,nan,nan,nan
0.06451612903225806,0.4032258064516129,0.532258064516129,62
0.058823529411764705,0.38235294117647056,0.5588235294117647,34
nan,nan,nan,nan
0.0,0.16666666666666666,0.8333333333333334,6
0.0,0.2727272727272727,0.7272727272727273,11
0.0,0.4444444444444444,0.5555555555555556,9
0.0,0.5294117647058824,0.47058823529411764,17
nan,nan,nan,nan
0.0,0.39285714285714285,0.6071428571428571,28
0.034482758620689655,0.43103448275862066,0.5344827586206896,58
0.043478260869565216,0.32608695652173914,0.6304347826086957,46
0.012658227848101266,0.4050632911392405,0.5822784810126582,79
0.0,0.42857142857142855,0.5714285714285714,14
0.046875,0.46875,0.484375,64
0.0,0.4186046511627907,0.5813953488372093,43
0.0,0.0,1.0,1
0.10344827586206896,0.3448275862068966,0.5517241379310345,58
0.0,0.3,0.7,20
0.05660377358490566,0.4339622641509434,0.5094339622641509,53
0.037037037037037035,0.3333333333333333,0.6296296296296297,27
0.05,0.35,0.6,40
0.0,0.42857142857142855,0.5714285714285714,7
0.05714285714285714,0.34285714285714286,0.6,35
0.0,0.2916666666666667,0.7083333333333334,24
nan,nan,nan,nan
0.04,0.36,0.6,50
0.02857142857142857,0.2571428571428571,0.7142857142857143,35
0.0,0.1,0.9,10
nan,nan,nan,nan
0.044642857142857144,0.36607142857142855,0.5892857142857143,112
0.0,0.5,0.5,2
0.0297029702970297,0.43564356435643564,0.5346534653465347,101
0.03125,0.46875,0.5,32
nan,nan,nan,nan
0.11764705882352941,0.23529411764705882,0.6470588235294118,17
0.01694915254237288,0.4406779661016949,0.5423728813559322,59
0.0,0.4090909090909091,0.5909090909090909,22
0.0,0.25,0.75,8
0.0,0.45,0.55,20
0.0,0.6363636363636364,0.36363636363636365,11
0.05555555555555555,0.3194444444444444,0.625,72
0.0,0.5416666666666666,0.4583333333333333,24
0.01694915254237288,0.4067796610169492,0.576271186440678,59
0.0,0.5416666666666666,0.4583333333333333,24
nan,nan,nan,nan
nan,nan,nan,nan
0.019230769230769232,0.3076923076923077,0.6730769230769231,52
nan,nan,nan,nan
0.125,0.3125,0.5625,16
0.01818181818181818,0.2909090909090909,0.6909090909090909,55
0.125,0.25,0.625,8
0.0,0.3333333333333333,0.6666666666666666,3
0.0,0.3157894736842105,0.6842105263157895,19
nan,nan,nan,nan
0.03125,0.34375,0.625,64
0.0,0.3333333333333333,0.6666666666666666,6
0.11764705882352941,0.47058823529411764,0.4117647058823529,17
0.125,0.25,0.625,8
0.028169014084507043,0.38028169014084506,0.5915492957746479,71
nan,nan,nan,nan
0.0,0.2857142857142857,0.7142857142857143,7
0.038461538461538464,0.38461538461538464,0.5769230769230769,26
nan,nan,nan,nan
0.0,0.2222222222222222,0.7777777777777778,9
0.0379746835443038,0.3670886075949367,0.5949367088607594,79
0.08333333333333333,0.4166666666666667,0.5,12
nan,nan,nan,nan
0.05555555555555555,0.35185185185185186,0.5925925925925926,54
0.0,0.4166666666666667,0.5833333333333334,24
0.0,0.2,0.8,10
nan,nan,nan,nan
0.0,0.3333333333333333,0.6666666666666666,6
0.0625,0.25,0.6875,16
0.0,0.5,0.5,10
0.0,0.5333333333333333,0.4666666666666667,15
0.0,0.3103448275862069,0.6896551724137931,29
0.0,0.35714285714285715,0.6428571428571429,28
0.047619047619047616,0.38095238095238093,0.5714285714285714,21
0.025,0.3875,0.5875,160
0.0,0.2727272727272727,0.7272727272727273,11
0.0,0.0,1.0,11
0.0625,0.25,0.6875,16
0.07547169811320754,0.4528301886792453,0.4716981132075472,53
0.025210084033613446,0.31932773109243695,0.6554621848739496,119
0.0,0.5263157894736842,0.47368421052631576,19
0.015625,0.375,0.609375,64
0.04,0.2,0.76,25
0.03225806451612903,0.3010752688172043,0.6666666666666666,93
0.027777777777777776,0.4722222222222222,0.5,36
0.0,0.4666666666666667,0.5333333333333333,15
0.058823529411764705,0.5294117647058824,0.4117647058823529,17
0.05555555555555555,0.3888888888888889,0.5555555555555556,18
0.0,0.42857142857142855,0.5714285714285714,14
nan,nan,nan,nan
0.0,0.3125,0.6875,16
0.0,0.7142857142857143,0.2857142857142857,7
nan,nan,nan,nan
0.2222222222222222,0.2222222222222222,0.5555555555555556,9
0.038461538461538464,0.36538461538461536,0.5961538461538461,104
0.045454545454545456,0.4090909090909091,0.5454545454545454,44
0.0,0.4444444444444444,0.5555555555555556,9
0.0,0.6666666666666666,0.3333333333333333,6
0.0,0.25,0.75,4
nan,nan,nan,nan
nan,nan,nan,nan
0.0,0.3333333333333333,0.6666666666666666,9
0.0,0.5,0.5,2
0.0,0.0,1.0,1
0.03636363636363636,0.2727272727272727,0.6909090909090909,55
nan,nan,nan,nan
0.043010752688172046,0.3978494623655914,0.5591397849462365,93
0.3333333333333333,0.3333333333333333,0.3333333333333333,3
0.05084745762711865,0.3389830508474576,0.6101694915254238,59
0.07692307692307693,0.46153846153846156,0.46153846153846156,13
0.0,0.36363636363636365,0.6363636363636364,11
0.0,0.21052631578947367,0.7894736842105263,19
0.0,0.1111111111111111,0.8888888888888888,9
0.0,0.46153846153846156,0.5384615384615384,26
0.0,0.6666666666666666,0.3333333333333333,3
0.15384615384615385,0.46153846153846156,0.38461538461538464,13
0.0,0.25,0.75,4
0.02,0.36,0.62,50
0.0,0.2222222222222222,0.7777777777777778,9
0.029411764705882353,0.4117647058823529,0.5588235294117647,34
0.0,0.5,0.5,8
0.0,0.2,0.8,5
0.034482758620689655,0.3793103448275862,0.5862068965517241,58
0.1111111111111111,0.5555555555555556,0.3333333333333333,9
0.037037037037037035,0.3055555555555556,0.6574074074074074,108
0.0,0.38095238095238093,0.6190476190476191,21
0.0,0.3333333333333333,0.6666666666666666,9
0.0,0.4,0.6,15
0.0,0.3090909090909091,0.6909090909090909,55
nan,nan,nan,nan
0.019230769230769232,0.4807692307692308,0.5,52
nan,nan,nan,nan
0.037037037037037035,0.37037037037037035,0.5925925925925926,27
0.07692307692307693,0.3076923076923077,0.6153846153846154,13
0.0,0.0,1.0,4
0.0,1.0,0.0,1
0.0,0.4375,0.5625,16
0.06930693069306931,0.48514851485148514,0.44554455445544555,101
0.07142857142857142,0.21428571428571427,0.7142857142857143,14
nan,nan,nan,nan
nan,nan,nan,nan
0.14285714285714285,0.42857142857142855,0.42857142857142855,14
0.02631578947368421,0.2894736842105263,0.6842105263157895,38
0.0,0.5,0.5,4
0.0,0.3404255319148936,0.6595744680851063,47
0.06493506493506493,0.4025974025974026,0.5324675324675324,77
0.037037037037037035,0.2222222222222222,0.7407407407407407,27
0.3333333333333333,0.6666666666666666,0.0,3
0.06666666666666667,0.36666666666666664,0.5666666666666667,30
0.0,0.3333333333333333,0.6666666666666666,24
0.06896551724137931,0.3793103448275862,0.5517241379310345,58
0.0,0.3333333333333333,0.6666666666666666,6
0.037037037037037035,0.25925925925925924,0.7037037037037037,27
0.0136986301369863,0.3424657534246575,0.6438356164383562,73
0.0,0.3181818181818182,0.6818181818181818,22
nan,nan,nan,nan
0.0297029702970297,0.3465346534653465,0.6237623762376238,101
0.0,0.35714285714285715,0.6428571428571429,14
0.0,0.0,1.0,9
0.0196078431372549,0.4117647058823529,0.5686274509803921,51
0.022727272727272728,0.38636363636363635,0.5909090909090909,44
0.0,0.21568627450980393,0.7843137254901961,51
0.0,0.3409090909090909,0.6590909090909091,44
0.02631578947368421,0.34210526315789475,0.631578947368421,38
0.027777777777777776,0.3425925925925926,0.6296296296296297,108
0.02531645569620253,0.31645569620253167,0.6582278481012658,79
0.0,0.4,0.6,40
0.05555555555555555,0.3333333333333333,0.6111111111111112,18
0.0,0.3684210526315789,0.631578947368421,57
0.0,0.2,0.8,5
nan,nan,nan,nan
0.0379746835443038,0.27848101265822783,0.6835443037974683,79
0.12903225806451613,0.2903225806451613,0.5806451612903226,31
0.0,0.0,1.0,4
nan,nan,nan,nan
0.0,0.14285714285714285,0.8571428571428571,14
0.03278688524590164,0.21311475409836064,0.7540983606557377,61
0.12903225806451613,0.3870967741935484,0.4838709677419355,31
0.0,0.2916666666666667,0.7083333333333334,24
nan,nan,nan,nan
0.0,0.5,0.5,2
nan,nan,nan,nan
0.058823529411764705,0.4588235294117647,0.4823529411764706,85
0.05405405405405406,0.2702702702702703,0.6756756756756757,37
0.02702702702702703,0.32432432432432434,0.6486486486486487,37
0.15384615384615385,0.46153846153846156,0.38461538461538464,13
0.07142857142857142,0.42857142857142855,0.5,28
0.0,0.4,0.6,15
0.023809523809523808,0.5238095238095238,0.4523809523809524,42
0.0,0.3333333333333333,0.6666666666666666,3
0.0625,0.25,0.6875,16
0.03333333333333333,0.5,0.4666666666666667,30
0.0425531914893617,0.23404255319148937,0.723404255319149,47
nan,nan,nan,nan
0.043478260869565216,0.43478260869565216,0.5217391304347826,23
0.06896551724137931,0.3793103448275862,0.5517241379310345,29
0.01818181818181818,0.34545454545454546,0.6363636363636364,55
0.0,0.0,1.0,8
0.08823529411764706,0.3235294117647059,0.5882352941176471,34
0.038461538461538464,0.34615384615384615,0.6153846153846154,26
0.0,0.26666666666666666,0.7333333333333333,15
nan,nan,nan,nan
0.07692307692307693,0.4,0.5230769230769231,65
0.1111111111111111,0.3333333333333333,0.5555555555555556,18
0.0,0.35294117647058826,0.6470588235294118,17
0.075,0.475,0.45,40
0.0,0.11764705882352941,0.8823529411764706,17
0.0,0.0,1.0,7
0.0,0.3333333333333333,0.6666666666666666,3
0.019230769230769232,0.3269230769230769,0.6538461538461539,52
0.0,0.0,1.0,2
0.045454545454545456,0.3181818181818182,0.6363636363636364,22
0.10256410256410256,0.4358974358974359,0.46153846153846156,39
0.07042253521126761,0.4225352112676056,0.5070422535211268,71
0.045454545454545456,0.3484848484848485,0.6060606060606061,66
0.045454545454545456,0.18181818181818182,0.7727272727272727,22
0.0,0.5,0.5,18
nan,nan,nan,nan
0.16666666666666666,0.5,0.3333333333333333,6
0.05263157894736842,0.5263157894736842,0.42105263157894735,19
0.03125,0.46875,0.5,32
0.0,0.625,0.375,8
0.0,0.5454545454545454,0.45454545454545453,66
0.0,0.5,0.5,8
0.0,0.4444444444444444,0.5555555555555556,18
0.0,0.1111111111111111,0.8888888888888888,18
0.05,0.35,0.6,60
0.029940119760479042,0.40119760479041916,0.5688622754491018,167
0.0,0.38461538461538464,0.6153846153846154,13
0.0,0.3333333333333333,0.6666666666666666,3
nan,nan,nan,nan
0.0,0.45454545454545453,0.5454545454545454,11
0.0,0.7272727272727273,0.2727272727272727,11
nan,nan,nan,nan
0.05263157894736842,0.42105263157894735,0.5263157894736842,19
0.0,0.16666666666666666,0.8333333333333334,6
0.0,0.4,0.6,5
0.0,0.2857142857142857,0.7142857142857143,21
0.046511627906976744,0.4186046511627907,0.5348837209302325,86
0.07692307692307693,0.48717948717948717,0.4358974358974359,39
0.0,0.5,0.5,6
0.0,0.5714285714285714,0.42857142857142855,21
0.017857142857142856,0.4642857142857143,0.5178571428571429,56
0.10526315789473684,0.3157894736842105,0.5789473684210527,19
0.045871559633027525,0.22018348623853212,0.7339449541284404,109
0.0,0.6666666666666666,0.3333333333333333,3
0.02127659574468085,0.425531914893617,0.5531914893617021,47
0.0,0.25,0.75,4
0.07017543859649122,0.47368421052631576,0.45614035087719296,57
0.0423728813559322,0.4661016949152542,0.4915254237288136,118
0.023809523809523808,0.2857142857142857,0.6904761904761905,42
0.0,0.3548387096774194,0.6451612903225806,62
0.0,0.2,0.8,5
0.03333333333333333,0.4166666666666667,0.55,60
nan,nan,nan,nan
0.0,0.6666666666666666,0.3333333333333333,18
0.0,0.75,0.25,4
0.0,0.3333333333333333,0.6666666666666666,24
0.14285714285714285,0.47619047619047616,0.38095238095238093,21
0.07407407407407407,0.3333333333333333,0.5925925925925926,27
0.0,0.375,0.625,24
nan,nan,nan,nan
0.07142857142857142,0.39285714285714285,0.5357142857142857,28
0.0,0.325,0.675,40
0.08695652173913043,0.30434782608695654,0.6086956521739131,23
0.0,0.4,0.6,5
0.0,0.3333333333333333,0.6666666666666666,6
0.1111111111111111,0.3333333333333333,0.5555555555555556,9
0.14285714285714285,0.5714285714285714,0.2857142857142857,7
nan,nan,nan,nan
0.0,0.34782608695652173,0.6521739130434783,23
0.0,0.4375,0.5625,16
nan,nan,nan,nan
0.0,0.0,1.0,2
nan,nan,nan,nan
0.05555555555555555,0.375,0.5694444444444444,72
nan,nan,nan,nan
nan,nan,nan,nan
0.00980392156862745,0.37254901960784315,0.6176470588235294,102
0.01818181818181818,0.43636363636363634,0.5454545454545454,55
0.11764705882352941,0.17647058823529413,0.7058823529411765,17
0.047619047619047616,0.5238095238095238,0.42857142857142855,21
0.0,0.3333333333333333,0.6666666666666666,27
0.0,0.36363636363636365,0.6363636363636364,22
0.08333333333333333,0.3333333333333333,0.5833333333333334,24
nan,nan,nan,nan
nan,nan,nan,nan
0.047619047619047616,0.2857142857142857,0.6666666666666666,42
nan,nan,nan,nan
0.034482758620689655,0.3448275862068966,0.6206896551724138,29
0.07317073170731707,0.3902439024390244,0.5365853658536586,41
0.0,0.4,0.6,10
0.05405405405405406,0.21621621621621623,0.7297297297297297,37
0.0625,0.3125,0.625,32
0.01694915254237288,0.4067796610169492,0.576271186440678,59
nan,nan,nan,nan
0.03571428571428571,0.2857142857142857,0.6785714285714286,28
nan,nan,nan,nan
0.08108108108108109,0.32432432432432434,0.5945945945945946,74
nan,nan,nan,nan
0.08108108108108109,0.24324324324324326,0.6756756756756757,37
0.0,0.42857142857142855,0.5714285714285714,21
nan,nan,nan,nan
0.0,0.0,1.0,2
0.018867924528301886,0.41509433962264153,0.5660377358490566,53
0.06153846153846154,0.3230769230769231,0.6153846153846154,65
0.058823529411764705,0.2647058823529412,0.6764705882352942,34
0.039603960396039604,0.32673267326732675,0.6336633663366337,101
0.0,0.35185185185185186,0.6481481481481481,54
0.0,1.0,0.0,2
0.0,0.375,0.625,8
nan,nan,nan,nan
0.017543859649122806,0.2807017543859649,0.7017543859649122,57
0.029411764705882353,0.38235294117647056,0.5882352941176471,34
0.0,0.46153846153846156,0.5384615384615384,13
0.0,0.3157894736842105,0.6842105263157895,19
0.0,0.358974358974359,0.6410256410256411,39
0.03571428571428571,0.5714285714285714,0.39285714285714285,28
0.0,0.41379310344827586,0.5862068965517241,29
nan,nan,nan,nan
0.0,0.5172413793103449,0.4827586206896552,29
0.0,0.15625,0.84375,32
0.034482758620689655,0.39655172413793105,0.5689655172413793,58
nan,nan,nan,nan
0.0,0.5,0.5,4
0.13333333333333333,0.26666666666666666,0.6,30
0.05263157894736842,0.15789473684210525,0.7894736842105263,19
0.0,0.2222222222222222,0.7777777777777778,27
0.0,0.5,0.5,10
0.0,0.0,1.0,7
0.029411764705882353,0.47058823529411764,0.5,34
0.0,0.1,0.9,10
nan,nan,nan,nan
0.04,0.36,0.6,50
0.04285714285714286,0.38571428571428573,0.5714285714285714,70
nan,nan,nan,nan
0.0,0.5,0.5,22
0.0,0.36363636363636365,0.6363636363636364,11
0.0,0.45161290322580644,0.5483870967741935,31
nan,nan,nan,nan
0.047619047619047616,0.38095238095238093,0.5714285714285714,21
0.045454545454545456,0.4090909090909091,0.5454545454545454,22
0.017543859649122806,0.38596491228070173,0.5964912280701754,57
0.0,0.3548387096774194,0.6451612903225806,31
0.08333333333333333,0.25,0.6666666666666666,24
0.0,0.4166666666666667,0.5833333333333334,12
0.0,0.3125,0.6875,16
0.038461538461538464,0.2692307692307692,0.6923076923076923,26
0.019230769230769232,0.3269230769230769,0.6538461538461539,52
0.16666666666666666,0.0,0.8333333333333334,6
0.0,0.4,0.6,15
0.06779661016949153,0.4576271186440678,0.4745762711864407,59
0.0,0.5862068965517241,0.41379310344827586,29
nan,nan,nan,nan
0.0,0.375,0.625,24
nan,nan,nan,nan
0.06896551724137931,0.2413793103448276,0.6896551724137931,29
0.0,0.26666666666666666,0.7333333333333333,15
0.0,0.44,0.56,25
nan,nan,nan,nan
0.03636363636363636,0.43636363636363634,0.5272727272727272,55
nan,nan,nan,nan
0.0625,0.28125,0.65625,32
0.03125,0.375,0.59375,32
0.0,0.27586206896551724,0.7241379310344828,29
0.0603448275862069,0.4224137931034483,0.5172413793103449,116
0.0,0.7,0.3,10
0.0,0.2826086956521739,0.717391304347826,46
nan,nan,nan,nan
0.0,0.25,0.75,8
nan,nan,nan,nan
0.05263157894736842,0.47368421052631576,0.47368421052631576,19
0.10714285714285714,0.2857142857142857,0.6071428571428571,28
0.10204081632653061,0.32653061224489793,0.5714285714285714,49
0.0,0.75,0.25,8
0.02040816326530612,0.3877551020408163,0.5918367346938775,49
0.0,0.3,0.7,10
0.0,0.0,1.0,1
0.039603960396039604,0.38613861386138615,0.5742574257425742,101
nan,nan,nan,nan
0.047619047619047616,0.38095238095238093,0.5714285714285714,21
nan,nan,nan,nan
0.1,0.275,0.625,40
0.0,0.0,1.0,2
0.02702702702702703,0.2972972972972973,0.6756756756756757,37
0.15789473684210525,0.42105263157894735,0.42105263157894735,19
0.0392156862745098,0.35294117647058826,0.6078431372549019,51
0.0,0.35714285714285715,0.6428571428571429,14
0.08333333333333333,0.3333333333333333,0.5833333333333334,12
0.024844720496894408,0.35403726708074534,0.6211180124223602,161
nan,nan,nan,nan
0.0,0.35714285714285715,0.6428571428571429,14
0.0,0.23076923076923078,0.7692307692307693,13
0.06666666666666667,0.26666666666666666,0.6666666666666666,30
0.0625,0.328125,0.609375,64
0.0,0.22857142857142856,0.7714285714285715,70
0.0,0.5555555555555556,0.4444444444444444,9
0.05660377358490566,0.33962264150943394,0.6037735849056604,53
0.07692307692307693,0.3076923076923077,0.6153846153846154,13
0.025,0.4,0.575,40
0.0,1.0,0.0,1
0.06666666666666667,0.3333333333333333,0.6,30
0.0,0.38235294117647056,0.6176470588235294,34
0.0625,0.3958333333333333,0.5416666666666666,48
nan,nan,nan,nan
0.07692307692307693,0.46153846153846156,0.46153846153846156,26
0.0625,0.25,0.6875,32
0.01694915254237288,0.3898305084745763,0.5932203389830508,59
0.09090909090909091,0.21212121212121213,0.696969696969697,33
nan,nan,nan,nan
0.0,0.38095238095238093,0.6190476190476191,21
0.0,0.2727272727272727,0.7272727272727273,11
0.0967741935483871,0.3548387096774194,0.5483870967741935,31
0.0,0.43333333333333335,0.5666666666666667,30
0.03571428571428571,0.14285714285714285,0.8214285714285714,28
0.0,0.36,0.64,50
0.020833333333333332,0.4791666666666667,0.5,48
0.0,0.2,0.8,5
0.047619047619047616,0.19047619047619047,0.7619047619047619,21
0.03333333333333333,0.43333333333333335,0.5333333333333333,30
0.03225806451612903,0.2903225806451613,0.6774193548387096,31
0.0,0.5,0.5,4
0.0,0.3333333333333333,0.6666666666666666,3
0.056074766355140186,0.37383177570093457,0.5700934579439252,107
nan,nan,nan,nan
nan,nan,nan,nan
nan,nan,nan,nan
0.0,0.3333333333333333,0.6666666666666666,15
0.0,0.4444444444444444,0.5555555555555556,9
0.05263157894736842,0.42105263157894735,0.5263157894736842,19
0.1111111111111111,0.1111111111111111,0.7777777777777778,9
nan,nan,nan,nan
0.0,0.5,0.5,2
0.0,0.5,0.5,8
0.04081632653061224,0.2653061224489796,0.6938775510204082,49
0.05555555555555555,0.2777777777777778,0.6666666666666666,18
0.0,0.4166666666666667,0.5833333333333334,24
0.0,0.3333333333333333,0.6666666666666666,3
0.0,0.8,0.2,5
0.0,0.4117647058823529,0.5882352941176471,17
0.0,0.5357142857142857,0.4642857142857143,28
0.0,0.2,0.8,15
0.0,0.0,1.0,1
0.0,0.5,0.5,30
0.1111111111111111,0.2222222222222222,0.6666666666666666,9
0.0,0.16666666666666666,0.8333333333333334,12
0.038461538461538464,0.19230769230769232,0.7692307692307693,26
0.0,0.25,0.75,4
0.044444444444444446,0.35555555555555557,0.6,45
nan,nan,nan,nan
0.06976744186046512,0.4418604651162791,0.4883720930232558,43
0.07692307692307693,0.2692307692307692,0.6538461538461539,26
0.043478260869565216,0.17391304347826086,0.782608695652174,23
nan,nan,nan,nan
0.07142857142857142,0.42857142857142855,0.5,14
0.058823529411764705,0.5294117647058824,0.4117647058823529,17
0.0,0.5,0.5,2
0.0,0.14285714285714285,0.8571428571428571,14
0.06060606060606061,0.6060606060606061,0.3333333333333333,33
0.0,0.38461538461538464,0.6153846153846154,13
0.07272727272727272,0.3090909090909091,0.6181818181818182,55
0.0,0.34615384615384615,0.6538461538461539,26
0.061946902654867256,0.3893805309734513,0.5486725663716814,113
0.03389830508474576,0.3559322033898305,0.6101694915254238,59
0.0,0.2857142857142857,0.7142857142857143,21
0.14285714285714285,0.2857142857142857,0.5714285714285714,21
0.0,0.125,0.875,8
0.03529411764705882,0.3764705882352941,0.5882352941176471,85
nan,nan,nan,nan
nan,nan,nan,nan
0.05555555555555555,0.3888888888888889,0.5555555555555556,18
0.06382978723404255,0.2127659574468085,0.723404255319149,47
0.0,0.43333333333333335,0.5666666666666667,30
0.10714285714285714,0.2857142857142857,0.6071428571428571,28
nan,nan,nan,nan
0.0,0.5,0.5,2
0.0,0.3888888888888889,0.6111111111111112,18
0.04,0.44,0.52,25
nan,nan,nan,nan
0.16666666666666666,0.4166666666666667,0.4166666666666667,12
0.0,0.3888888888888889,0.6111111111111112,36
0.0,0.5,0.5,2
0.0967741935483871,0.5806451612903226,0.3225806451612903,31
0.044444444444444446,0.2,0.7555555555555555,45
0.015384615384615385,0.38461538461538464,0.6,65
0.0,0.25,0.75,8
0.09523809523809523,0.3333333333333333,0.5714285714285714,21
0.0,0.3333333333333333,0.6666666666666666,21
0.05,0.325,0.625,40
0.0,0.3333333333333333,0.6666666666666666,3
0.0,0.5,0.5,32
nan,nan,nan,nan
0.0,0.42857142857142855,0.5714285714285714,7
0.025,0.225,0.75,40
0.0,0.4166666666666667,0.5833333333333334,12
0.0,0.39473684210526316,0.6052631578947368,38
0.038461538461538464,0.2692307692307692,0.6923076923076923,26
0.0,0.3448275862068966,0.6551724137931034,29
nan,nan,nan,nan
0.07692307692307693,0.38461538461538464,0.5384615384615384,13
0.0,0.7368421052631579,0.2631578947368421,19
0.0,0.35714285714285715,0.6428571428571429,14
nan,nan,nan,nan
0.1111111111111111,0.3333333333333333,0.5555555555555556,9
nan,nan,nan,nan
0.057692307692307696,0.34615384615384615,0.5961538461538461,52
0.0,0.5384615384615384,0.46153846153846156,13
nan,nan,nan,nan
0.046511627906976744,0.3953488372093023,0.5581395348837209,43
0.10526315789473684,0.47368421052631576,0.42105263157894735,19
0.0,0.19047619047619047,0.8095238095238095,21
0.0,0.0,1.0,2
0.10344827586206896,0.3103448275862069,0.5862068965517241,29
0.03225806451612903,0.3870967741935484,0.5806451612903226,31
0.14285714285714285,0.42857142857142855,0.42857142857142855,14
0.0,0.21052631578947367,0.7894736842105263,19
0.0392156862745098,0.23529411764705882,0.7254901960784313,51
0.058823529411764705,0.43137254901960786,0.5098039215686274,51
0.0,0.25,0.75,12
0.043478260869565216,0.391304347826087,0.5652173913043478,23
0.0,0.3111111111111111,0.6888888888888889,45
nan,nan,nan,nan
0.022222222222222223,0.3333333333333333,0.6444444444444445,45
0.017543859649122806,0.3508771929824561,0.631578947368421,57
0.0,0.3333333333333333,0.6666666666666666,30
0.0,0.0625,0.9375,16
0.0,0.0,1.0,1
0.2,0.6,0.2,5
0.0,0.16666666666666666,0.8333333333333334,6
nan,nan,nan,nan
0.0,0.42857142857142855,0.5714285714285714,14
0.05357142857142857,0.3392857142857143,0.6071428571428571,56
0.07575757575757576,0.3484848484848485,0.5757575757575758,66
0.0,0.38461538461538464,0.6153846153846154,13
0.0,0.2,0.8,10
nan,nan,nan,nan
nan,nan,nan,nan
0.07407407407407407,0.3333333333333333,0.5925925925925926,81
0.07142857142857142,0.5,0.42857142857142855,14
0.05714285714285714,0.42857142857142855,0.5142857142857142,35
0.0,0.6,0.4,5
nan,nan,nan,nan
0.04,0.26666666666666666,0.6933333333333334,75
0.03571428571428571,0.39285714285714285,0.5714285714285714,28
