Ratio Hole A,Ratio Neighbors,Ratio Outer Holes,Total
0.5,0.3888888888888889,0.1111111111111111,36
0.0,1.0,0.0,8
0.02702702702702703,0.7027027027027027,0.2702702702702703,37
0.0,1.0,0.0,1
0.75,0.25,0.0,12
nan,nan,nan,nan
0.16666666666666666,0.4166666666666667,0.4166666666666667,12
0.0,1.0,0.0,8
0.0,0.7142857142857143,0.2857142857142857,35
0.5,0.5,0.0,6
0.25,0.25,0.5,4
nan,nan,nan,nan
0.0,0.5789473684210527,0.42105263157894735,19
0.043478260869565216,0.6086956521739131,0.34782608695652173,46
0.0,0.5714285714285714,0.42857142857142855,7
0.10526315789473684,0.7894736842105263,0.10526315789473684,19
0.0,0.4,0.6,10
0.41379310344827586,0.41379310344827586,0.1724137931034483,29
nan,nan,nan,nan
nan,nan,nan,nan
0.014925373134328358,0.7014925373134329,0.2835820895522388,67
0.13636363636363635,0.7159090909090909,0.14772727272727273,88
0.24,0.64,0.12,25
0.0,0.6428571428571429,0.35714285714285715,14
nan,nan,nan,nan
nan,nan,nan,nan
0.5384615384615384,0.15384615384615385,0.3076923076923077,13
0.02857142857142857,0.6,0.37142857142857144,35
0.1724137931034483,0.3793103448275862,0.4482758620689655,29
0.2222222222222222,0.4074074074074074,0.37037037037037035,27
0.5,0.0,0.5,6
0.16129032258064516,0.7741935483870968,0.06451612903225806,31
0.0,1.0,0.0,1
0.2857142857142857,0.40476190476190477,0.30952380952380953,42
0.0,0.5,0.5,6
0.09523809523809523,0.6666666666666666,0.23809523809523808,21
0.13513513513513514,0.5135135135135135,0.35135135135135137,37
0.47058823529411764,0.4411764705882353,0.08823529411764706,34
0.0,0.5,0.5,10
0.3684210526315789,0.631578947368421,0.0,19
0.16666666666666666,0.8333333333333334,0.0,6
nan,nan,nan,nan
0.0,0.25,0.75,8
0.38461538461538464,0.07692307692307693,0.5384615384615384,13
0.05263157894736842,0.9210526315789473,0.02631578947368421,38
0.0,1.0,0.0,11
0.0,1.0,0.0,7
0.044444444444444446,0.8,0.15555555555555556,45
0.03614457831325301,0.6626506024096386,0.30120481927710846,83
0.13636363636363635,0.6363636363636364,0.22727272727272727,44
0.75,0.25,0.0,16
nan,nan,nan,nan
nan,nan,nan,nan
0.0,1.0,0.0,2
0.0,1.0,0.0,10
0.13513513513513514,0.7837837837837838,0.08108108108108109,37
0.0,0.8620689655172413,0.13793103448275862,29
0.0,1.0,0.0,14
0.08,0.92,0.0,25
0.0,1.0,0.0,6
nan,nan,nan,nan
1.0,0.0,0.0,7
0.0,0.875,0.125,40
0.12,0.8,0.08,25
nan,nan,nan,nan
nan,nan,nan,nan
0.0625,0.8125,0.125,32
0.058823529411764705,0.6470588235294118,0.29411764705882354,34
0.0,0.9090909090909091,0.09090909090909091,22
0.20833333333333334,0.08333333333333333,0.7083333333333334,24
0.16666666666666666,0.6666666666666666,0.16666666666666666,6
0.25806451612903225,0.41935483870967744,0.3225806451612903,31
0.0,0.6666666666666666,0.3333333333333333,12
0.15841584158415842,0.6435643564356436,0.19801980198019803,101
nan,nan,nan,nan
0.5,0.4375,0.0625,16
0.5714285714285714,0.42857142857142855,0.0,7
0.03773584905660377,0.6981132075471698,0.2641509433962264,53
0.3125,0.5,0.1875,16
0.0,0.16666666666666666,0.8333333333333334,6
0.75,0.0,0.25,4
0.0,0.84,0.16,50
0.0,0.8461538461538461,0.15384615384615385,13
0.35714285714285715,0.5714285714285714,0.07142857142857142,14
0.6153846153846154,0.38461538461538464,0.0,13
0.0,0.8461538461538461,0.15384615384615385,13
0.5789473684210527,0.42105263157894735,0.0,19
0.14634146341463414,0.6585365853658537,0.1951219512195122,41
0.125,0.875,0.0,24
0.0,0.46875,0.53125,32
nan,nan,nan,nan
0.0,0.7368421052631579,0.2631578947368421,19
1.0,0.0,0.0,2
0.06666666666666667,0.43333333333333335,0.5,30
0.12903225806451613,0.6129032258064516,0.25806451612903225,62
0.0,1.0,0.0,5
0.08333333333333333,0.9166666666666666,0.0,12
0.0,0.3888888888888889,0.6111111111111112,18
0.09523809523809523,0.6190476190476191,0.2857142857142857,21
0.0,1.0,0.0,10
0.0,1.0,0.0,6
0.0,1.0,0.0,4
0.5882352941176471,0.11764705882352941,0.29411764705882354,17
0.0,0.6666666666666666,0.3333333333333333,9
0.2857142857142857,0.42857142857142855,0.2857142857142857,7
nan,nan,nan,nan
0.3,0.54,0.16,50
1.0,0.0,0.0,1
0.06976744186046512,0.9302325581395349,0.0,43
0.37037037037037035,0.5555555555555556,0.07407407407407407,27
nan,nan,nan,nan
0.0,1.0,0.0,1
0.17857142857142858,0.4642857142857143,0.35714285714285715,28
0.5714285714285714,0.0,0.42857142857142855,7
0.0,0.7272727272727273,0.2727272727272727,22
0.0,1.0,0.0,4
0.6,0.4,0.0,5
0.0,0.5769230769230769,0.4230769230769231,26
0.25,0.6,0.15,20
0.15789473684210525,0.5789473684210527,0.2631578947368421,19
0.0,0.5454545454545454,0.45454545454545453,11
0.0,0.8888888888888888,0.1111111111111111,18
0.0,1.0,0.0,4
0.0,0.0,1.0,2
0.45161290322580644,0.22580645161290322,0.3225806451612903,31
0.21052631578947367,0.631578947368421,0.15789473684210525,38
0.3076923076923077,0.5384615384615384,0.15384615384615385,26
0.0,0.9166666666666666,0.08333333333333333,12
0.5555555555555556,0.37037037037037035,0.07407407407407407,27
nan,nan,nan,nan
0.7333333333333333,0.26666666666666666,0.0,15
0.0,0.6363636363636364,0.36363636363636365,22
0.125,0.53125,0.34375,32
0.0,1.0,0.0,2
0.0,0.5,0.5,2
0.0,0.0,1.0,1
nan,nan,nan,nan
0.125,0.875,0.0,24
nan,nan,nan,nan
0.024691358024691357,0.6419753086419753,0.3333333333333333,81
0.23076923076923078,0.46153846153846156,0.3076923076923077,13
nan,nan,nan,nan
0.21052631578947367,0.6842105263157895,0.10526315789473684,38
nan,nan,nan,nan
0.0,0.36363636363636365,0.6363636363636364,11
0.7894736842105263,0.21052631578947367,0.0,19
0.0,1.0,0.0,7
0.125,0.625,0.25,16
0.0,0.9166666666666666,0.08333333333333333,24
0.2631578947368421,0.5263157894736842,0.21052631578947367,19
0.52,0.48,0.0,50
0.5,0.5,0.0,20
0.3684210526315789,0.3684210526315789,0.2631578947368421,57
0.0,0.55,0.45,20
0.3333333333333333,0.5555555555555556,0.1111111111111111,9
0.0,0.45454545454545453,0.5454545454545454,44
0.3888888888888889,0.4444444444444444,0.16666666666666666,18
0.16666666666666666,0.5833333333333334,0.25,24
0.0,1.0,0.0,2
0.1,0.7,0.2,20
0.21818181818181817,0.6181818181818182,0.16363636363636364,55
0.6,0.4,0.0,10
0.6666666666666666,0.0,0.3333333333333333,3
0.18,0.64,0.18,50
0.1282051282051282,0.7692307692307693,0.10256410256410256,39
0.26666666666666666,0.4666666666666667,0.26666666666666666,15
0.0,0.4,0.6,5
0.08,0.52,0.4,25
nan,nan,nan,nan
0.0,0.0,1.0,8
nan,nan,nan,nan
0.0625,0.9375,0.0,16
0.0,0.9655172413793104,0.034482758620689655,29
0.0,0.8125,0.1875,16
nan,nan,nan,nan
0.058823529411764705,0.7647058823529411,0.17647058823529413,17
0.0,1.0,0.0,20
0.3333333333333333,0.6666666666666666,0.0,15
0.0,0.5714285714285714,0.42857142857142855,14
0.2727272727272727,0.7272727272727273,0.0,22
0.02857142857142857,0.8,0.17142857142857143,35
0.045454545454545456,0.7045454545454546,0.25,44
0.0,0.6666666666666666,0.3333333333333333,3
0.04081632653061224,0.6326530612244898,0.32653061224489793,49
nan,nan,nan,nan
0.0,0.6666666666666666,0.3333333333333333,6
0.19230769230769232,0.7692307692307693,0.038461538461538464,26
0.5833333333333334,0.0,0.4166666666666667,12
0.16666666666666666,0.3333333333333333,0.5,18
nan,nan,nan,nan
0.4666666666666667,0.5333333333333333,0.0,30
0.3333333333333333,0.6666666666666666,0.0,3
0.0,1.0,0.0,10
0.09836065573770492,0.47540983606557374,0.4262295081967213,61
0.27586206896551724,0.6206896551724138,0.10344827586206896,29
0.5,0.5,0.0,10
nan,nan,nan,nan
0.08,0.52,0.4,25
0.5526315789473685,0.42105263157894735,0.02631578947368421,38
0.0,1.0,0.0,15
0.25,0.0,0.75,8
0.8888888888888888,0.1111111111111111,0.0,9
nan,nan,nan,nan
0.2,0.8,0.0,10
nan,nan,nan,nan
0.3333333333333333,0.6666666666666666,0.0,3
0.16666666666666666,0.7222222222222222,0.1111111111111111,18
0.0,0.7037037037037037,0.2962962962962963,27
0.25,0.5,0.25,12
nan,nan,nan,nan
nan,nan,nan,nan
0.5333333333333333,0.4666666666666667,0.0,15
1.0,0.0,0.0,2
0.0,0.8333333333333334,0.16666666666666666,18
0.06666666666666667,0.6333333333333333,0.3,30
0.18181818181818182,0.7727272727272727,0.045454545454545456,22
0.2857142857142857,0.6190476190476191,0.09523809523809523,21
0.17647058823529413,0.38235294117647056,0.4411764705882353,34
0.0,1.0,0.0,6
nan,nan,nan,nan
nan,nan,nan,nan
0.02631578947368421,0.8421052631578947,0.13157894736842105,38
nan,nan,nan,nan
0.23076923076923078,0.5,0.2692307692307692,26
nan,nan,nan,nan
0.10714285714285714,0.7857142857142857,0.10714285714285714,28
0.47619047619047616,0.42857142857142855,0.09523809523809523,21
0.0,0.0,1.0,7
0.0,1.0,0.0,1
0.2,0.4956521739130435,0.30434782608695654,115
0.05714285714285714,0.7142857142857143,0.22857142857142856,35
0.0,1.0,0.0,6
0.0,0.65,0.35,40
0.0,0.5217391304347826,0.4782608695652174,23
0.0851063829787234,0.8297872340425532,0.0851063829787234,47
nan,nan,nan,nan
nan,nan,nan,nan
nan,nan,nan,nan
0.12790697674418605,0.627906976744186,0.2441860465116279,86
0.4,0.4,0.2,10
0.058823529411764705,0.9411764705882353,0.0,17
0.0,1.0,0.0,1
0.11827956989247312,0.6129032258064516,0.26881720430107525,93
0.3333333333333333,0.2,0.4666666666666667,15
0.0,0.6666666666666666,0.3333333333333333,12
nan,nan,nan,nan
0.6363636363636364,0.2727272727272727,0.09090909090909091,11
0.0,0.5555555555555556,0.4444444444444444,18
0.25,0.75,0.0,4
0.0,1.0,0.0,1
0.0,0.0,1.0,4
0.18181818181818182,0.5757575757575758,0.24242424242424243,33
0.4,0.6,0.0,5
0.0,0.9285714285714286,0.07142857142857142,14
0.0,1.0,0.0,9
0.4444444444444444,0.4305555555555556,0.125,72
0.0,0.7142857142857143,0.2857142857142857,7
0.42857142857142855,0.5714285714285714,0.0,7
nan,nan,nan,nan
0.5555555555555556,0.3333333333333333,0.1111111111111111,9
0.05555555555555555,0.7777777777777778,0.16666666666666666,18
0.0,1.0,0.0,24
0.0,1.0,0.0,13
0.05,0.85,0.1,20
0.2558139534883721,0.4883720930232558,0.2558139534883721,43
0.32,0.68,0.0,25
0.2033898305084746,0.5254237288135594,0.2711864406779661,59
0.0,1.0,0.0,9
0.3333333333333333,0.6666666666666666,0.0,12
0.0,0.7407407407407407,0.25925925925925924,27
0.08333333333333333,0.5,0.4166666666666667,24
0.6086956521739131,0.2608695652173913,0.13043478260869565,23
0.0,0.0,1.0,9
0.5405405405405406,0.24324324324324326,0.21621621621621623,37
0.125,0.5416666666666666,0.3333333333333333,48
0.05555555555555555,0.5277777777777778,0.4166666666666667,36
0.0,0.9444444444444444,0.05555555555555555,36
0.2631578947368421,0.5789473684210527,0.15789473684210525,19
0.3,0.3,0.4,10
0.22727272727272727,0.2727272727272727,0.5,22
0.25,0.75,0.0,4
nan,nan,nan,nan
0.0,1.0,0.0,7
0.0,1.0,0.0,12
0.0,0.36363636363636365,0.6363636363636364,11
0.0,0.6428571428571429,0.35714285714285715,28
0.0,0.7,0.3,20
0.2647058823529412,0.5,0.23529411764705882,34
0.5,0.5,0.0,6
0.0,1.0,0.0,1
0.38,0.54,0.08,50
0.3333333333333333,0.6666666666666666,0.0,3
nan,nan,nan,nan
0.6521739130434783,0.34782608695652173,0.0,23
0.13333333333333333,0.5333333333333333,0.3333333333333333,15
0.3103448275862069,0.41379310344827586,0.27586206896551724,29
0.16666666666666666,0.5833333333333334,0.25,24
0.5925925925925926,0.18518518518518517,0.2222222222222222,27
0.0,0.5555555555555556,0.4444444444444444,9
0.0,1.0,0.0,6
nan,nan,nan,nan
0.058823529411764705,0.9411764705882353,0.0,17
0.3333333333333333,0.6666666666666666,0.0,12
0.04081632653061224,0.9183673469387755,0.04081632653061224,49
0.16,0.4,0.44,25
0.1,0.9,0.0,10
0.6206896551724138,0.20689655172413793,0.1724137931034483,29
0.2222222222222222,0.7777777777777778,0.0,9
0.4444444444444444,0.0,0.5555555555555556,9
0.75,0.25,0.0,4
0.3076923076923077,0.6923076923076923,0.0,13
0.1,0.65,0.25,20
0.0,1.0,0.0,5
0.26666666666666666,0.7333333333333333,0.0,15
0.058823529411764705,0.9411764705882353,0.0,17
0.28,0.68,0.04,25
0.0,1.0,0.0,6
nan,nan,nan,nan
nan,nan,nan,nan
0.0,1.0,0.0,2
0.15151515151515152,0.6363636363636364,0.21212121212121213,66
0.35294117647058826,0.35294117647058826,0.29411764705882354,34
0.14285714285714285,0.7272727272727273,0.12987012987012986,77
0.15555555555555556,0.8,0.044444444444444446,45
0.0,1.0,0.0,10
0.12162162162162163,0.44594594594594594,0.43243243243243246,74
0.0,0.5333333333333333,0.4666666666666667,15
0.6875,0.125,0.1875,16
0.17647058823529413,0.7058823529411765,0.11764705882352941,17
0.08333333333333333,0.4722222222222222,0.4444444444444444,36
0.5,0.5,0.0,10
0.15384615384615385,0.6923076923076923,0.15384615384615385,13
0.0,0.0,1.0,3
0.5,0.5,0.0,8
0.0,0.9047619047619048,0.09523809523809523,21
0.13333333333333333,0.5777777777777777,0.28888888888888886,45
0.0,1.0,0.0,13
0.3333333333333333,0.6666666666666666,0.0,24
0.0,0.0,1.0,4
0.2857142857142857,0.7142857142857143,0.0,7
0.0,0.36363636363636365,0.6363636363636364,11
0.6666666666666666,0.13333333333333333,0.2,15
0.36363636363636365,0.6363636363636364,0.0,11
0.06896551724137931,0.4827586206896552,0.4482758620689655,29
0.0,1.0,0.0,2
0.35,0.35,0.3,20
0.07142857142857142,0.35714285714285715,0.5714285714285714,14
0.0,0.5,0.5,10
0.0,0.7142857142857143,0.2857142857142857,14
0.0,1.0,0.0,10
0.375,0.375,0.25,16
0.25,0.6363636363636364,0.11363636363636363,44
0.21052631578947367,0.42105263157894735,0.3684210526315789,19
0.0,0.9047619047619048,0.09523809523809523,21
nan,nan,nan,nan
0.2777777777777778,0.19444444444444445,0.5277777777777778,36
0.6666666666666666,0.0,0.3333333333333333,6
1.0,0.0,0.0,6
nan,nan,nan,nan
nan,nan,nan,nan
0.20512820512820512,0.6666666666666666,0.1282051282051282,39
0.21428571428571427,0.7857142857142857,0.0,14
nan,nan,nan,nan
0.17391304347826086,0.4782608695652174,0.34782608695652173,23
0.17142857142857143,0.4857142857142857,0.34285714285714286,35
0.0,1.0,0.0,13
0.3888888888888889,0.6111111111111112,0.0,18
0.21739130434782608,0.30434782608695654,0.4782608695652174,23
0.058823529411764705,0.5882352941176471,0.35294117647058826,17
0.5,0.5,0.0,14
nan,nan,nan,nan
0.10638297872340426,0.5106382978723404,0.3829787234042553,47
0.07407407407407407,0.5185185185185185,0.4074074074074074,27
0.5,0.5,0.0,2
nan,nan,nan,nan
0.3333333333333333,0.6,0.06666666666666667,15
0.3055555555555556,0.5555555555555556,0.1388888888888889,36
0.5,0.5,0.0,2
0.41025641025641024,0.5128205128205128,0.07692307692307693,39
0.0,1.0,0.0,1
0.1111111111111111,0.4444444444444444,0.4444444444444444,9
0.0,1.0,0.0,1
0.0,1.0,0.0,2
nan,nan,nan,nan
0.14285714285714285,0.6,0.2571428571428571,35
0.2777777777777778,0.4444444444444444,0.2777777777777778,36
0.10294117647058823,0.8088235294117647,0.08823529411764706,68
0.0,1.0,0.0,6
nan,nan,nan,nan
nan,nan,nan,nan
0.0,0.5833333333333334,0.4166666666666667,24
0.07936507936507936,0.5555555555555556,0.36507936507936506,63
0.0,1.0,0.0,3
0.3333333333333333,0.5,0.16666666666666666,6
0.0,0.6153846153846154,0.38461538461538464,13
0.0,1.0,0.0,6
0.72,0.28,0.0,25
0.45,0.35,0.2,40
0.3157894736842105,0.3684210526315789,0.3157894736842105,19
0.0,0.9565217391304348,0.043478260869565216,23
0.6666666666666666,0.3333333333333333,0.0,9
0.0,0.75,0.25,4
0.0,0.25,0.75,8
0.0,1.0,0.0,19
0.0,1.0,0.0,11
nan,nan,nan,nan
0.2571428571428571,0.5428571428571428,0.2,35
0.043478260869565216,0.782608695652174,0.17391304347826086,23
nan,nan,nan,nan
0.5384615384615384,0.46153846153846156,0.0,13
0.0,1.0,0.0,1
0.07692307692307693,0.8846153846153846,0.038461538461538464,26
0.0,0.0,1.0,5
0.16666666666666666,0.8333333333333334,0.0,18
0.0,0.64,0.36,50
0.0,0.1111111111111111,0.8888888888888888,9
0.25,0.25,0.5,8
0.24,0.58,0.18,50
0.0,0.8,0.2,10
0.2857142857142857,0.5,0.21428571428571427,14
0.0,1.0,0.0,5
0.0,0.6153846153846154,0.38461538461538464,13
0.13333333333333333,0.8666666666666667,0.0,15
0.1875,0.6875,0.125,16
0.175,0.475,0.35,40
0.0,1.0,0.0,17
0.25,0.75,0.0,16
0.6,0.0,0.4,5
0.0,1.0,0.0,1
0.2857142857142857,0.47619047619047616,0.23809523809523808,21
0.3023255813953488,0.6976744186046512,0.0,43
0.0,0.7272727272727273,0.2727272727272727,22
0.375,0.3125,0.3125,16
0.08108108108108109,0.5945945945945946,0.32432432432432434,37
0.4117647058823529,0.5882352941176471,0.0,17
0.09090909090909091,0.8181818181818182,0.09090909090909091,44
0.13924050632911392,0.5822784810126582,0.27848101265822783,79
0.45714285714285713,0.34285714285714286,0.2,35
0.0,1.0,0.0,12
0.18181818181818182,0.5454545454545454,0.2727272727272727,11
0.1951219512195122,0.7804878048780488,0.024390243902439025,41
0.0,0.875,0.125,8
0.08,0.72,0.2,25
0.0,1.0,0.0,7
0.0,0.95,0.05,20
nan,nan,nan,nan
0.0,0.7741935483870968,0.22580645161290322,31
0.0,1.0,0.0,2
0.11764705882352941,0.7647058823529411,0.11764705882352941,17
nan,nan,nan,nan
0.1,0.5666666666666667,0.3333333333333333,60
0.26666666666666666,0.7333333333333333,0.0,15
0.2,0.56,0.24,25
0.2222222222222222,0.6111111111111112,0.16666666666666666,18
0.6666666666666666,0.16666666666666666,0.16666666666666666,24
nan,nan,nan,nan
0.0,1.0,0.0,8
nan,nan,nan,nan
0.0,0.3333333333333333,0.6666666666666666,6
0.16883116883116883,0.5324675324675324,0.2987012987012987,77
0.3548387096774194,0.5483870967741935,0.0967741935483871,31
0.06896551724137931,0.9310344827586207,0.0,29
nan,nan,nan,nan
0.4375,0.40625,0.15625,32
0.060240963855421686,0.4819277108433735,0.4578313253012048,83
0.0,0.7368421052631579,0.2631578947368421,19
0.0,0.18181818181818182,0.8181818181818182,11
0.0,1.0,0.0,8
0.0,0.6190476190476191,0.38095238095238093,21
0.07142857142857142,0.8571428571428571,0.07142857142857142,14
0.21176470588235294,0.7058823529411765,0.08235294117647059,85
0.3,0.7,0.0,10
0.3888888888888889,0.6111111111111112,0.0,18
0.0,1.0,0.0,2
0.0,1.0,0.0,1
0.18421052631578946,0.6578947368421053,0.15789473684210525,76
nan,nan,nan,nan
1.0,0.0,0.0,2
0.0,0.5,0.5,8
1.0,0.0,0.0,2
0.0,1.0,0.0,3
nan,nan,nan,nan
0.1,0.8,0.1,20
0.24242424242424243,0.696969696969697,0.06060606060606061,33
nan,nan,nan,nan
0.0,0.6571428571428571,0.34285714285714286,35
0.0,0.0,1.0,2
0.5384615384615384,0.46153846153846156,0.0,13
0.37142857142857144,0.6,0.02857142857142857,35
0.09433962264150944,0.5849056603773585,0.32075471698113206,53
0.5,0.25,0.25,4
0.3333333333333333,0.5238095238095238,0.14285714285714285,21
0.2777777777777778,0.7222222222222222,0.0,18
0.13414634146341464,0.6707317073170732,0.1951219512195122,82
0.0,0.9166666666666666,0.08333333333333333,12
0.034482758620689655,0.9655172413793104,0.0,29
0.03333333333333333,0.5666666666666667,0.4,30
0.0,1.0,0.0,8
0.075,0.675,0.25,40
0.08333333333333333,0.9166666666666666,0.0,12
0.0,1.0,0.0,17
0.0,1.0,0.0,8
0.3142857142857143,0.22857142857142856,0.45714285714285713,35
0.0,0.5555555555555556,0.4444444444444444,9
0.18518518518518517,0.48148148148148145,0.3333333333333333,27
0.0,1.0,0.0,9
0.2,0.8,0.0,10
0.2608695652173913,0.5,0.2391304347826087,46
0.09090909090909091,0.8571428571428571,0.05194805194805195,77
nan,nan,nan,nan
0.2,0.8,0.0,15
0.8571428571428571,0.14285714285714285,0.0,7
0.42857142857142855,0.5714285714285714,0.0,28
0.0,0.7,0.3,10
0.0,0.0,1.0,3
0.5714285714285714,0.2571428571428571,0.17142857142857143,35
0.23809523809523808,0.6666666666666666,0.09523809523809523,21
0.3333333333333333,0.4583333333333333,0.20833333333333334,24
0.125,0.8125,0.0625,48
0.05333333333333334,0.6666666666666666,0.28,75
nan,nan,nan,nan
nan,nan,nan,nan
0.0,1.0,0.0,3
1.0,0.0,0.0,2
0.42857142857142855,0.42857142857142855,0.14285714285714285,7
0.38095238095238093,0.6190476190476191,0.0,21
0.2,0.6,0.2,20
nan,nan,nan,nan
0.0,1.0,0.0,1
0.1875,0.640625,0.171875,64
0.0,0.8076923076923077,0.19230769230769232,26
nan,nan,nan,nan
0.0,1.0,0.0,8
0.0,1.0,0.0,8
nan,nan,nan,nan
0.375,0.375,0.25,16
0.38461538461538464,0.5384615384615384,0.07692307692307693,39
0.08695652173913043,0.782608695652174,0.13043478260869565,46
0.16666666666666666,0.8333333333333334,0.0,30
0.11627906976744186,0.6046511627906976,0.27906976744186046,43
0.0,0.48,0.52,25
nan,nan,nan,nan
nan,nan,nan,nan
0.15384615384615385,0.6153846153846154,0.23076923076923078,26
0.0,0.25,0.75,16
0.10344827586206896,0.6551724137931034,0.2413793103448276,29
0.10204081632653061,0.673469387755102,0.22448979591836735,49
0.0,1.0,0.0,1
0.2,0.4666666666666667,0.3333333333333333,15
0.2708333333333333,0.5208333333333334,0.20833333333333334,48
0.4857142857142857,0.2,0.3142857142857143,35
0.0,0.5333333333333333,0.4666666666666667,15
0.0,0.3333333333333333,0.6666666666666666,6
0.2,0.8,0.0,20
0.09375,0.5625,0.34375,32
0.12698412698412698,0.6984126984126984,0.1746031746031746,126
0.06593406593406594,0.6923076923076923,0.24175824175824176,91
nan,nan,nan,nan
0.0,0.5789473684210527,0.42105263157894735,19
0.1320754716981132,0.7169811320754716,0.1509433962264151,53
0.0,0.9411764705882353,0.058823529411764705,17
0.18181818181818182,0.8181818181818182,0.0,11
nan,nan,nan,nan
nan,nan,nan,nan
0.5,0.5,0.0,2
0.0,1.0,0.0,2
0.0625,0.46875,0.46875,32
nan,nan,nan,nan
0.23684210526315788,0.47368421052631576,0.2894736842105263,76
0.0,0.7727272727272727,0.22727272727272727,22
0.34285714285714286,0.6571428571428571,0.0,35
0.2826086956521739,0.1956521739130435,0.5217391304347826,46
0.0,1.0,0.0,1
0.08333333333333333,0.9166666666666666,0.0,12
0.0,1.0,0.0,17
0.3684210526315789,0.42105263157894735,0.21052631578947367,19
nan,nan,nan,nan
0.0,0.29411764705882354,0.7058823529411765,17
0.14814814814814814,0.8518518518518519,0.0,27
0.0,0.6,0.4,25
0.0,1.0,0.0,33
0.2,0.6666666666666666,0.13333333333333333,15
0.0,0.9230769230769231,0.07692307692307693,26
0.11764705882352941,0.6470588235294118,0.23529411764705882,17
0.0,0.9583333333333334,0.041666666666666664,24
0.23529411764705882,0.7058823529411765,0.058823529411764705,34
0.0,0.7777777777777778,0.2222222222222222,9
0.07317073170731707,0.7804878048780488,0.14634146341463414,41
0.0,0.4,0.6,10
0.2857142857142857,0.42857142857142855,0.2857142857142857,14
0.0,0.6,0.4,5
0.15789473684210525,0.7894736842105263,0.05263157894736842,19
nan,nan,nan,nan
0.6,0.4,0.0,5
nan,nan,nan,nan
0.5714285714285714,0.42857142857142855,0.0,14
0.4444444444444444,0.5,0.05555555555555555,36
0.03333333333333333,0.6333333333333333,0.3333333333333333,30
0.07407407407407407,0.6296296296296297,0.2962962962962963,27
0.23076923076923078,0.48717948717948717,0.28205128205128205,39
nan,nan,nan,nan
0.0,1.0,0.0,22
0.7777777777777778,0.2222222222222222,0.0,9
nan,nan,nan,nan
0.6086956521739131,0.391304347826087,0.0,23
0.0,0.4444444444444444,0.5555555555555556,18
nan,nan,nan,nan
0.21666666666666667,0.5166666666666667,0.26666666666666666,60
0.17105263157894737,0.6052631578947368,0.2236842105263158,76
0.1,0.9,0.0,10
0.13793103448275862,0.7586206896551724,0.10344827586206896,29
nan,nan,nan,nan
0.0,0.8,0.2,10
0.12,0.68,0.2,25
0.0,1.0,0.0,14
0.03333333333333333,0.9666666666666667,0.0,30
0.1,0.5,0.4,10
0.3333333333333333,0.6666666666666666,0.0,30
0.0,0.7241379310344828,0.27586206896551724,29
0.0,0.0,1.0,6
0.0,0.18181818181818182,0.8181818181818182,11
0.0,1.0,0.0,3
0.0,0.4,0.6,5
0.3333333333333333,0.2916666666666667,0.375,24
0.14035087719298245,0.7017543859649122,0.15789473684210525,57
0.4444444444444444,0.5555555555555556,0.0,9
0.0,0.723404255319149,0.2765957446808511,47
0.1111111111111111,0.8444444444444444,0.044444444444444446,45
0.0,0.5263157894736842,0.47368421052631576,19
0.0,1.0,0.0,4
0.2037037037037037,0.37037037037037035,0.42592592592592593,54
0.0,1.0,0.0,7
0.24528301886792453,0.4339622641509434,0.32075471698113206,53
0.0,1.0,0.0,11
nan,nan,nan,nan
0.0,0.7894736842105263,0.21052631578947367,19
0.15254237288135594,0.6610169491525424,0.1864406779661017,59
0.05555555555555555,0.7222222222222222,0.2222222222222222,18
0.0,1.0,0.0,14
0.0,0.4166666666666667,0.5833333333333334,12
0.04,0.88,0.08,25
0.1111111111111111,0.4444444444444444,0.4444444444444444,9
0.1,0.7,0.2,10
nan,nan,nan,nan
nan,nan,nan,nan
0.16666666666666666,0.7222222222222222,0.1111111111111111,18
0.38461538461538464,0.6153846153846154,0.0,26
0.0,1.0,0.0,10
0.08333333333333333,0.5833333333333334,0.3333333333333333,12
0.3076923076923077,0.6923076923076923,0.0,13
nan,nan,nan,nan
0.0,1.0,0.0,13
0.0,0.8888888888888888,0.1111111111111111,9
0.0,0.4,0.6,10
0.12,0.72,0.16,50
0.0,1.0,0.0,5
0.21428571428571427,0.5714285714285714,0.21428571428571427,28
0.0,0.5,0.5,10
0.0,1.0,0.0,2
0.2,0.7,0.1,40
0.0,1.0,0.0,5
0.23076923076923078,0.4807692307692308,0.28846153846153844,52
0.0,1.0,0.0,6
0.25,0.6,0.15,20
nan,nan,nan,nan
0.65,0.35,0.0,20
nan,nan,nan,nan
0.27586206896551724,0.4482758620689655,0.27586206896551724,29
0.0,0.5208333333333334,0.4791666666666667,48
0.37037037037037035,0.5555555555555556,0.07407407407407407,27
0.5172413793103449,0.3448275862068966,0.13793103448275862,29
0.14285714285714285,0.6285714285714286,0.22857142857142856,35
0.0,1.0,0.0,8
0.4666666666666667,0.5333333333333333,0.0,15
0.0,0.4444444444444444,0.5555555555555556,9
0.15789473684210525,0.8421052631578947,0.0,19
nan,nan,nan,nan
0.0,1.0,0.0,1
0.35294117647058826,0.3235294117647059,0.3235294117647059,34
0.25,0.75,0.0,24
0.275,0.7,0.025,40
nan,nan,nan,nan
0.6363636363636364,0.36363636363636365,0.0,11
nan,nan,nan,nan
0.6363636363636364,0.36363636363636365,0.0,11
0.375,0.59375,0.03125,32
0.0,0.5,0.5,4
0.17647058823529413,0.5588235294117647,0.2647058823529412,34
0.07407407407407407,0.8888888888888888,0.037037037037037035,27
0.0,0.8,0.2,5
0.14285714285714285,0.8571428571428571,0.0,35
0.0,0.5,0.5,10
0.0,1.0,0.0,15
0.0,1.0,0.0,3
0.034482758620689655,0.9655172413793104,0.0,29
0.0,0.5,0.5,18
0.0,1.0,0.0,6
0.0,1.0,0.0,5
0.11764705882352941,0.7058823529411765,0.17647058823529413,17
0.07142857142857142,0.5714285714285714,0.35714285714285715,14
0.0,1.0,0.0,5
0.14285714285714285,0.35714285714285715,0.5,28
0.0,1.0,0.0,24
0.14285714285714285,0.8214285714285714,0.03571428571428571,28
0.0,1.0,0.0,1
0.2222222222222222,0.6666666666666666,0.1111111111111111,18
0.08333333333333333,0.8333333333333334,0.08333333333333333,36
0.07407407407407407,0.7407407407407407,0.18518518518518517,27
0.8571428571428571,0.14285714285714285,0.0,7
0.10204081632653061,0.32653061224489793,0.5714285714285714,49
0.0,0.5652173913043478,0.43478260869565216,23
0.8,0.2,0.0,5
0.0,0.9285714285714286,0.07142857142857142,14
0.0,1.0,0.0,2
0.1724137931034483,0.3448275862068966,0.4827586206896552,29
0.8333333333333334,0.05555555555555555,0.1111111111111111,18
0.03125,0.7395833333333334,0.22916666666666666,96
0.0,1.0,0.0,1
0.0,1.0,0.0,2
0.21333333333333335,0.6,0.18666666666666668,75
0.0,0.5454545454545454,0.45454545454545453,11
nan,nan,nan,nan
0.3170731707317073,0.5609756097560976,0.12195121951219512,41
0.18181818181818182,0.18181818181818182,0.6363636363636364,22
0.0,1.0,0.0,2
0.16666666666666666,0.8333333333333334,0.0,6
0.11764705882352941,0.35294117647058826,0.5294117647058824,17
0.3076923076923077,0.6923076923076923,0.0,13
0.09375,0.78125,0.125,32
0.1724137931034483,0.7241379310344828,0.10344827586206896,29
0.04,0.72,0.24,75
nan,nan,nan,nan
0.0,0.3611111111111111,0.6388888888888888,36
0.5833333333333334,0.4166666666666667,0.0,12
0.02127659574468085,0.9361702127659575,0.0425531914893617,47
0.0,0.3333333333333333,0.6666666666666666,3
0.09523809523809523,0.5238095238095238,0.38095238095238093,21
0.0,1.0,0.0,3
0.0,0.7916666666666666,0.20833333333333334,24
0.16666666666666666,0.3333333333333333,0.5,24
1.0,0.0,0.0,10
0.3333333333333333,0.3333333333333333,0.3333333333333333,24
nan,nan,nan,nan
nan,nan,nan,nan
0.2,0.5142857142857142,0.2857142857142857,35
0.06818181818181818,0.6818181818181818,0.25,44
0.0,0.8695652173913043,0.13043478260869565,23
0.0,1.0,0.0,3
0.4375,0.53125,0.03125,32
nan,nan,nan,nan
0.2608695652173913,0.34782608695652173,0.391304347826087,23
0.13333333333333333,0.8666666666666667,0.0,15
0.0,0.4,0.6,5
0.09090909090909091,0.8181818181818182,0.09090909090909091,11
0.0,0.78125,0.21875,32
0.358974358974359,0.5897435897435898,0.05128205128205128,39
0.10714285714285714,0.6964285714285714,0.19642857142857142,56
0.5,0.5,0.0,6
0.0,1.0,0.0,15
0.08333333333333333,0.7083333333333334,0.20833333333333334,24
nan,nan,nan,nan
0.07142857142857142,0.9285714285714286,0.0,14
0.1,0.6285714285714286,0.2714285714285714,70
nan,nan,nan,nan
0.0,0.5333333333333333,0.4666666666666667,15
0.288135593220339,0.5254237288135594,0.1864406779661017,59
0.2222222222222222,0.7777777777777778,0.0,9
0.058823529411764705,0.8823529411764706,0.058823529411764705,17
0.06666666666666667,0.6666666666666666,0.26666666666666666,15
0.18181818181818182,0.2727272727272727,0.5454545454545454,11
0.0,0.6666666666666666,0.3333333333333333,9
0.14285714285714285,0.5714285714285714,0.2857142857142857,7
0.0,0.8571428571428571,0.14285714285714285,14
0.0,0.2,0.8,5
0.3333333333333333,0.6666666666666666,0.0,3
0.11764705882352941,0.29411764705882354,0.5882352941176471,17
0.4,0.4,0.2,20
nan,nan,nan,nan
0.25,0.3333333333333333,0.4166666666666667,24
0.06521739130434782,0.8478260869565217,0.08695652173913043,46
0.0,0.14285714285714285,0.8571428571428571,14
0.0,0.0,1.0,6
0.5384615384615384,0.34615384615384615,0.11538461538461539,26
0.0,0.2727272727272727,0.7272727272727273,11
0.04411764705882353,0.8529411764705882,0.10294117647058823,68
0.0,0.7222222222222222,0.2777777777777778,18
0.13043478260869565,0.8695652173913043,0.0,23
0.14285714285714285,0.5142857142857142,0.34285714285714286,35
0.0,1.0,0.0,5
nan,nan,nan,nan
0.038461538461538464,0.6923076923076923,0.2692307692307692,26
0.0,0.9117647058823529,0.08823529411764706,34
0.0,0.0,1.0,3
0.3953488372093023,0.32558139534883723,0.27906976744186046,43
nan,nan,nan,nan
0.0,0.75,0.25,4
0.0,0.96,0.04,25
0.0,1.0,0.0,4
nan,nan,nan,nan
0.0,0.8148148148148148,0.18518518518518517,27
0.0,1.0,0.0,2
0.2391304347826087,0.45652173913043476,0.30434782608695654,46
0.5405405405405406,0.40540540540540543,0.05405405405405406,37
0.21428571428571427,0.75,0.03571428571428571,28
0.10810810810810811,0.40540540540540543,0.4864864864864865,37
0.0,1.0,0.0,1
nan,nan,nan,nan
0.0,1.0,0.0,2
0.029411764705882353,0.7647058823529411,0.20588235294117646,34
0.0,0.8235294117647058,0.17647058823529413,17
0.11666666666666667,0.7,0.18333333333333332,60
0.8181818181818182,0.18181818181818182,0.0,11
0.23076923076923078,0.7692307692307693,0.0,26
0.0,1.0,0.0,3
0.17777777777777778,0.4222222222222222,0.4,45
0.5217391304347826,0.4782608695652174,0.0,23
0.21052631578947367,0.7894736842105263,0.0,19
nan,nan,nan,nan
0.7272727272727273,0.045454545454545456,0.22727272727272727,22
nan,nan,nan,nan
0.21428571428571427,0.6190476190476191,0.16666666666666666,42
0.25,0.5,0.25,4
0.0,0.8484848484848485,0.15151515151515152,33
0.175,0.725,0.1,40
0.0,1.0,0.0,9
0.15789473684210525,0.7368421052631579,0.10526315789473684,38
0.09090909090909091,0.7575757575757576,0.15151515151515152,66
0.0,0.8333333333333334,0.16666666666666666,30
0.2,0.7333333333333333,0.06666666666666667,15
0.1919191919191919,0.5252525252525253,0.2828282828282828,99
0.39473684210526316,0.5,0.10526315789473684,38
1.0,0.0,0.0,3
0.5,0.5,0.0,10
nan,nan,nan,nan
nan,nan,nan,nan
0.0,1.0,0.0,8
0.06060606060606061,0.6666666666666666,0.2727272727272727,33
0.0,0.0,1.0,2
0.0,0.7142857142857143,0.2857142857142857,7
0.7058823529411765,0.29411764705882354,0.0,17
0.26666666666666666,0.2,0.5333333333333333,15
0.0,1.0,0.0,8
0.0,0.0,1.0,2
0.16470588235294117,0.6,0.23529411764705882,85
0.9,0.0,0.1,10
0.125,0.875,0.0,8
0.0,1.0,0.0,8
0.125,0.6666666666666666,0.20833333333333334,24
0.1,0.76,0.14,50
0.0,1.0,0.0,9
0.14285714285714285,0.8571428571428571,0.0,7
0.0,0.8888888888888888,0.1111111111111111,9
0.25,0.75,0.0,8
0.0,0.631578947368421,0.3684210526315789,19
nan,nan,nan,nan
0.0,0.6923076923076923,0.3076923076923077,13
0.0,1.0,0.0,6
0.45,0.1,0.45,20
0.0,1.0,0.0,5
0.0,1.0,0.0,20
nan,nan,nan,nan
0.0,0.47058823529411764,0.5294117647058824,17
0.0,1.0,0.0,1
nan,nan,nan,nan
0.2222222222222222,0.5,0.2777777777777778,18
0.15,0.45,0.4,20
0.2222222222222222,0.4074074074074074,0.37037037037037035,27
nan,nan,nan,nan
0.0,0.6976744186046512,0.3023255813953488,43
0.0,0.8181818181818182,0.18181818181818182,22
0.3333333333333333,0.0,0.6666666666666666,3
0.5333333333333333,0.4,0.06666666666666667,15
0.2903225806451613,0.6129032258064516,0.0967741935483871,31
0.42857142857142855,0.5714285714285714,0.0,7
0.2608695652173913,0.4927536231884058,0.2463768115942029,69
0.4444444444444444,0.2222222222222222,0.3333333333333333,9
0.23809523809523808,0.6190476190476191,0.14285714285714285,21
0.0,0.8,0.2,10
0.1875,0.625,0.1875,16
0.5405405405405406,0.3783783783783784,0.08108108108108109,37
0.06666666666666667,0.9333333333333333,0.0,15
0.1875,0.8125,0.0,16
0.6666666666666666,0.3333333333333333,0.0,9
0.0,1.0,0.0,1
0.2727272727272727,0.7272727272727273,0.0,11
0.23333333333333334,0.5333333333333333,0.23333333333333334,30
0.0,0.8571428571428571,0.14285714285714285,7
0.21621621621621623,0.7297297297297297,0.05405405405405406,37
0.0,1.0,0.0,1
0.2647058823529412,0.7058823529411765,0.029411764705882353,34
0.0,0.5,0.5,4
0.3333333333333333,0.48148148148148145,0.18518518518518517,27
0.34615384615384615,0.4230769230769231,0.23076923076923078,26
nan,nan,nan,nan
nan,nan,nan,nan
0.125,0.875,0.0,16
0.1951219512195122,0.07317073170731707,0.7317073170731707,41
0.4666666666666667,0.4666666666666667,0.06666666666666667,15
nan,nan,nan,nan
0.0,1.0,0.0,2
0.1,0.5,0.4,10
0.08333333333333333,0.875,0.041666666666666664,24
0.15625,0.71875,0.125,32
0.2857142857142857,0.3333333333333333,0.38095238095238093,42
0.6,0.4,0.0,10
nan,nan,nan,nan
0.04,0.96,0.0,25
0.14705882352941177,0.7352941176470589,0.11764705882352941,34
0.0,1.0,0.0,7
0.0,0.7391304347826086,0.2608695652173913,46
0.0,0.5,0.5,2
0.0,0.0,1.0,4
0.21348314606741572,0.6067415730337079,0.1797752808988764,89
nan,nan,nan,nan
0.13043478260869565,0.782608695652174,0.08695652173913043,69
0.0,1.0,0.0,6
0.14285714285714285,0.7857142857142857,0.07142857142857142,14
0.75,0.25,0.0,16
0.0,0.8666666666666667,0.13333333333333333,30
0.2647058823529412,0.6470588235294118,0.08823529411764706,34
0.0,0.6666666666666666,0.3333333333333333,3
0.25,0.6111111111111112,0.1388888888888889,36
0.0,1.0,0.0,5
0.0,0.6153846153846154,0.38461538461538464,13
0.07142857142857142,0.6964285714285714,0.23214285714285715,56
0.0,0.0,1.0,2
nan,nan,nan,nan
0.18181818181818182,0.696969696969697,0.12121212121212122,33
0.0,0.625,0.375,16
1.0,0.0,0.0,2
0.5,0.0,0.5,6
0.6428571428571429,0.35714285714285715,0.0,14
0.03225806451612903,0.6774193548387096,0.2903225806451613,31
0.045454545454545456,0.8181818181818182,0.13636363636363635,22
0.3157894736842105,0.5526315789473685,0.13157894736842105,38
0.42857142857142855,0.5714285714285714,0.0,7
nan,nan,nan,nan
0.36363636363636365,0.45454545454545453,0.18181818181818182,11
0.30612244897959184,0.6530612244897959,0.04081632653061224,49
0.08064516129032258,0.8709677419354839,0.04838709677419355,62
0.02631578947368421,0.631578947368421,0.34210526315789475,38
nan,nan,nan,nan
0.0,1.0,0.0,6
1.0,0.0,0.0,3
0.42,0.52,0.06,50
0.0,1.0,0.0,2
0.0,0.9,0.1,20
0.43478260869565216,0.5217391304347826,0.043478260869565216,23
0.07142857142857142,0.6666666666666666,0.2619047619047619,42
0.0,1.0,0.0,16
0.34545454545454546,0.5454545454545454,0.10909090909090909,55
0.0,0.8571428571428571,0.14285714285714285,7
0.16666666666666666,0.8333333333333334,0.0,18
0.2222222222222222,0.2222222222222222,0.5555555555555556,9
0.0,0.5555555555555556,0.4444444444444444,9
0.0,1.0,0.0,4
nan,nan,nan,nan
0.21428571428571427,0.7857142857142857,0.0,14
0.15789473684210525,0.6842105263157895,0.15789473684210525,19
0.34375,0.5,0.15625,32
0.3333333333333333,0.5,0.16666666666666666,30
0.0,1.0,0.0,16
nan,nan,nan,nan
0.0,0.5333333333333333,0.4666666666666667,15
0.12857142857142856,0.6285714285714286,0.24285714285714285,70
0.0,0.625,0.375,8
0.15384615384615385,0.6538461538461539,0.19230769230769232,26
0.038461538461538464,0.9615384615384616,0.0,52
0.29411764705882354,0.5,0.20588235294117646,34
0.3333333333333333,0.16666666666666666,0.5,6
0.0,1.0,0.0,3
0.0,0.4444444444444444,0.5555555555555556,9
0.8181818181818182,0.18181818181818182,0.0,11
0.0,1.0,0.0,15
0.2222222222222222,0.7777777777777778,0.0,9
0.15789473684210525,0.3684210526315789,0.47368421052631576,19
0.47619047619047616,0.5238095238095238,0.0,21
0.0,1.0,0.0,6
0.09090909090909091,0.5,0.4090909090909091,22
nan,nan,nan,nan
nan,nan,nan,nan
nan,nan,nan,nan
0.125,0.8125,0.0625,16
0.07142857142857142,0.2857142857142857,0.6428571428571429,14
0.0,1.0,0.0,11
0.0,1.0,0.0,5
0.0,0.3333333333333333,0.6666666666666666,3
nan,nan,nan,nan
0.0,1.0,0.0,2
0.0,1.0,0.0,6
0.3142857142857143,0.42857142857142855,0.2571428571428571,35
0.13043478260869565,0.8043478260869565,0.06521739130434782,46
0.15,0.75,0.1,20
0.0,0.5714285714285714,0.42857142857142855,7
0.0,0.0,1.0,1
0.23076923076923078,0.6538461538461539,0.11538461538461539,52
0.5,0.5,0.0,4
0.0,0.6911764705882353,0.3088235294117647,68
0.5952380952380952,0.09523809523809523,0.30952380952380953,42
0.027777777777777776,0.75,0.2222222222222222,36
