Ratio Hole A,Ratio Neighbors,Ratio Outer Holes,Total
0.01818181818181818,0.5727272727272728,0.4090909090909091,110
0.1791044776119403,0.5472636815920398,0.2736318407960199,201
0.17801047120418848,0.5078534031413613,0.31413612565445026,191
0.23923444976076555,0.46411483253588515,0.2966507177033493,209
0.0,0.9107142857142857,0.08928571428571429,56
0.0,1.0,0.0,17
0.1188118811881188,0.5544554455445545,0.32673267326732675,101
0.10526315789473684,0.5,0.39473684210526316,152
0.10683760683760683,0.6196581196581197,0.27350427350427353,468
nan,nan,nan,nan
0.0,1.0,0.0,15
0.1507537688442211,0.5527638190954773,0.2964824120603015,199
nan,nan,nan,nan
0.072,0.508,0.42,250
0.057692307692307696,0.6346153846153846,0.3076923076923077,156
0.36363636363636365,0.45454545454545453,0.18181818181818182,33
0.12135922330097088,0.45145631067961167,0.42718446601941745,206
0.0,0.3333333333333333,0.6666666666666666,39
0.3333333333333333,0.4,0.26666666666666666,15
nan,nan,nan,nan
0.10434782608695652,0.6260869565217392,0.26956521739130435,230
0.0,0.7551020408163265,0.24489795918367346,49
0.128,0.5386666666666666,0.3333333333333333,375
0.21739130434782608,0.30434782608695654,0.4782608695652174,23
0.023809523809523808,0.6369047619047619,0.3392857142857143,168
0.14150943396226415,0.6509433962264151,0.20754716981132076,212
0.06060606060606061,0.6742424242424242,0.26515151515151514,264
0.0,0.47058823529411764,0.5294117647058824,17
0.0,0.782608695652174,0.21739130434782608,23
0.1724137931034483,0.5086206896551724,0.31896551724137934,232
0.14285714285714285,0.6541353383458647,0.20300751879699247,133
0.37349397590361444,0.5542168674698795,0.07228915662650602,83
0.0,0.14814814814814814,0.8518518518518519,27
0.18275862068965518,0.5448275862068965,0.27241379310344827,290
0.24561403508771928,0.5964912280701754,0.15789473684210525,57
0.08045977011494253,0.735632183908046,0.1839080459770115,87
0.0,0.7142857142857143,0.2857142857142857,91
0.23529411764705882,0.6568627450980392,0.10784313725490197,102
0.15976331360946747,0.7100591715976331,0.1301775147928994,169
0.3333333333333333,0.6666666666666666,0.0,48
0.1559633027522936,0.45871559633027525,0.3853211009174312,109
0.10795454545454546,0.6193181818181818,0.2727272727272727,352
0.17557251908396945,0.539440203562341,0.28498727735368956,393
0.05357142857142857,0.6130952380952381,0.3333333333333333,168
0.0,0.6363636363636364,0.36363636363636365,44
0.13953488372093023,0.686046511627907,0.1744186046511628,86
0.14583333333333334,0.6458333333333334,0.20833333333333334,48
0.0967741935483871,0.5483870967741935,0.3548387096774194,31
0.28187919463087246,0.5033557046979866,0.21476510067114093,149
0.0,0.7647058823529411,0.23529411764705882,51
0.1643835616438356,0.5273972602739726,0.3082191780821918,146
0.25547445255474455,0.5693430656934306,0.17518248175182483,137
0.05687203791469194,0.8056872037914692,0.13744075829383887,211
0.0,0.2857142857142857,0.7142857142857143,7
0.0,0.7352941176470589,0.2647058823529412,34
0.0,0.0,1.0,8
0.0,0.8405797101449275,0.15942028985507245,69
0.1308411214953271,0.616822429906542,0.2523364485981308,107
0.1702127659574468,0.6702127659574468,0.1595744680851064,94
0.17073170731707318,0.5528455284552846,0.2764227642276423,123
nan,nan,nan,nan
0.2248062015503876,0.37209302325581395,0.40310077519379844,129
0.35526315789473684,0.5131578947368421,0.13157894736842105,76
0.030303030303030304,0.24242424242424243,0.7272727272727273,33
0.0,1.0,0.0,26
0.10897435897435898,0.7115384615384616,0.1794871794871795,156
0.06701030927835051,0.8041237113402062,0.12886597938144329,194
0.2523364485981308,0.45794392523364486,0.2897196261682243,107
nan,nan,nan,nan
0.05511811023622047,0.7244094488188977,0.2204724409448819,127
0.21782178217821782,0.6534653465346535,0.12871287128712872,101
nan,nan,nan,nan
0.08571428571428572,0.5657142857142857,0.3485714285714286,175
0.1700404858299595,0.5465587044534413,0.2834008097165992,247
0.18137254901960784,0.6372549019607843,0.18137254901960784,204
0.1206896551724138,0.6379310344827587,0.2413793103448276,116
0.020942408376963352,0.806282722513089,0.17277486910994763,191
0.0,0.7857142857142857,0.21428571428571427,14
0.3,0.4666666666666667,0.23333333333333334,30
0.1267605633802817,0.5633802816901409,0.30985915492957744,142
0.5172413793103449,0.06896551724137931,0.41379310344827586,29
0.1,0.48,0.42,200
0.0,0.8333333333333334,0.16666666666666666,54
0.09090909090909091,0.7424242424242424,0.16666666666666666,66
0.25,0.3235294117647059,0.4264705882352941,68
0.1836734693877551,0.673469387755102,0.14285714285714285,98
0.15853658536585366,0.5853658536585366,0.25609756097560976,82
0.14124293785310735,0.5875706214689266,0.2711864406779661,177
0.11956521739130435,0.483695652173913,0.3967391304347826,184
0.06818181818181818,0.5852272727272727,0.3465909090909091,176
0.16363636363636364,0.6181818181818182,0.21818181818181817,110
0.0,0.5769230769230769,0.4230769230769231,26
0.18691588785046728,0.43302180685358255,0.38006230529595014,321
0.21052631578947367,0.40131578947368424,0.3881578947368421,152
0.1452991452991453,0.42735042735042733,0.42735042735042733,117
0.1843137254901961,0.5588235294117647,0.2568627450980392,510
0.10471204188481675,0.6151832460732984,0.2801047120418848,382
0.09177215189873418,0.7056962025316456,0.20253164556962025,316
0.32589285714285715,0.38839285714285715,0.2857142857142857,224
0.17333333333333334,0.5866666666666667,0.24,75
0.055970149253731345,0.47761194029850745,0.4664179104477612,268
0.0,0.8275862068965517,0.1724137931034483,58
0.10655737704918032,0.5655737704918032,0.32786885245901637,122
0.17391304347826086,0.391304347826087,0.43478260869565216,23
0.058823529411764705,0.8823529411764706,0.058823529411764705,34
0.0,0.5425531914893617,0.4574468085106383,94
0.18181818181818182,0.5743801652892562,0.24380165289256198,242
0.2777777777777778,0.3333333333333333,0.3888888888888889,36
0.17972350230414746,0.5944700460829493,0.22580645161290322,217
0.1036036036036036,0.5495495495495496,0.34684684684684686,222
0.09787234042553192,0.5659574468085107,0.33617021276595743,235
0.0,0.6410256410256411,0.358974358974359,117
0.20100502512562815,0.5879396984924623,0.21105527638190955,199
0.2080536912751678,0.4429530201342282,0.348993288590604,149
0.13333333333333333,0.6166666666666667,0.25,60
0.14788732394366197,0.5211267605633803,0.33098591549295775,426
0.1962025316455696,0.5569620253164557,0.2468354430379747,158
0.24647887323943662,0.4788732394366197,0.2746478873239437,142
0.2074468085106383,0.5478723404255319,0.24468085106382978,188
0.0,0.0,1.0,12
0.04,0.76,0.2,25
0.17177914110429449,0.6073619631901841,0.22085889570552147,163
0.03759398496240601,0.518796992481203,0.44360902255639095,133
0.0,0.3076923076923077,0.6923076923076923,26
0.30158730158730157,0.36507936507936506,0.3333333333333333,63
0.12138728323699421,0.6994219653179191,0.1791907514450867,173
0.3793103448275862,0.46551724137931033,0.15517241379310345,116
0.04819277108433735,0.5903614457831325,0.3614457831325301,83
0.41935483870967744,0.45161290322580644,0.12903225806451613,31
0.2826086956521739,0.41304347826086957,0.30434782608695654,92
0.08865248226950355,0.45390070921985815,0.4574468085106383,282
0.2366412213740458,0.5114503816793893,0.25190839694656486,131
0.0,1.0,0.0,1
0.0,0.6515151515151515,0.3484848484848485,66
0.13291139240506328,0.6265822784810127,0.24050632911392406,158
0.14682539682539683,0.6309523809523809,0.2222222222222222,252
0.07142857142857142,0.75,0.17857142857142858,56
0.12437810945273632,0.5746268656716418,0.3009950248756219,402
0.06276150627615062,0.8242677824267782,0.11297071129707113,239
0.0,0.0,1.0,11
0.3333333333333333,0.2708333333333333,0.3958333333333333,48
0.10569105691056911,0.7154471544715447,0.17886178861788618,123
nan,nan,nan,nan
0.0,0.0,1.0,4
0.0891089108910891,0.7821782178217822,0.12871287128712872,101
0.15294117647058825,0.7294117647058823,0.11764705882352941,85
0.09166666666666666,0.7083333333333334,0.2,120
0.19254658385093168,0.6583850931677019,0.14906832298136646,161
0.0,0.734375,0.265625,64
0.04411764705882353,0.49264705882352944,0.4632352941176471,136
nan,nan,nan,nan
0.056818181818181816,0.7727272727272727,0.17045454545454544,88
0.0,0.65625,0.34375,32
0.0,0.625,0.375,64
0.13157894736842105,0.4842105263157895,0.38421052631578945,190
0.0,0.875,0.125,120
0.13580246913580246,0.5308641975308642,0.3333333333333333,405
0.0,0.9361702127659575,0.06382978723404255,47
0.18181818181818182,0.5818181818181818,0.23636363636363636,55
0.0,1.0,0.0,16
0.3235294117647059,0.39705882352941174,0.27941176470588236,68
0.17582417582417584,0.7472527472527473,0.07692307692307693,182
0.17886178861788618,0.5,0.32113821138211385,246
0.22388059701492538,0.5447761194029851,0.23134328358208955,134
0.041025641025641026,0.6666666666666666,0.2923076923076923,195
0.08609271523178808,0.8410596026490066,0.0728476821192053,151
0.2923076923076923,0.4461538461538462,0.26153846153846155,65
0.07407407407407407,0.6851851851851852,0.24074074074074073,108
0.05389221556886228,0.49700598802395207,0.4491017964071856,167
0.0,0.4444444444444444,0.5555555555555556,18
0.07547169811320754,0.8113207547169812,0.11320754716981132,53
0.058823529411764705,0.7058823529411765,0.23529411764705882,34
nan,nan,nan,nan
0.1745635910224439,0.5461346633416458,0.2793017456359102,401
0.23958333333333334,0.5729166666666666,0.1875,96
0.03614457831325301,0.5662650602409639,0.39759036144578314,83
nan,nan,nan,nan
0.05454545454545454,0.8,0.14545454545454545,55
0.23076923076923078,0.5384615384615384,0.23076923076923078,117
nan,nan,nan,nan
nan,nan,nan,nan
0.06382978723404255,0.2978723404255319,0.6382978723404256,47
0.3333333333333333,0.6666666666666666,0.0,18
0.1220159151193634,0.4403183023872679,0.4376657824933687,377
0.14285714285714285,0.7142857142857143,0.14285714285714285,7
0.40860215053763443,0.34408602150537637,0.24731182795698925,93
0.09770114942528736,0.6091954022988506,0.29310344827586204,174
0.16666666666666666,0.6458333333333334,0.1875,96
0.30927835051546393,0.5567010309278351,0.13402061855670103,97
0.06451612903225806,0.5345622119815668,0.4009216589861751,434
0.04054054054054054,0.44594594594594594,0.5135135135135135,74
0.009345794392523364,0.719626168224299,0.27102803738317754,107
nan,nan,nan,nan
0.1625615763546798,0.45320197044334976,0.3842364532019704,203
0.0,1.0,0.0,8
0.07042253521126761,0.676056338028169,0.2535211267605634,71
0.032679738562091505,0.6209150326797386,0.3464052287581699,153
0.0,0.8695652173913043,0.13043478260869565,23
0.1324200913242009,0.6438356164383562,0.2237442922374429,219
0.061371841155234655,0.6425992779783394,0.296028880866426,277
0.09090909090909091,0.6853146853146853,0.22377622377622378,143
0.06358381502890173,0.5606936416184971,0.37572254335260113,173
0.24175824175824176,0.5897435897435898,0.1684981684981685,273
0.0,0.4827586206896552,0.5172413793103449,58
0.019230769230769232,0.75,0.23076923076923078,52
0.0,0.5611510791366906,0.43884892086330934,139
0.09649122807017543,0.6754385964912281,0.22807017543859648,342
0.07758620689655173,0.5517241379310345,0.3706896551724138,116
0.12244897959183673,0.5918367346938775,0.2857142857142857,49
nan,nan,nan,nan
0.0,0.859375,0.140625,64
0.0,0.23809523809523808,0.7619047619047619,42
0.2755102040816326,0.5,0.22448979591836735,98
0.15151515151515152,0.7424242424242424,0.10606060606060606,66
0.08943089430894309,0.6707317073170732,0.23983739837398374,246
0.16041979010494753,0.5307346326836582,0.30884557721139433,667
0.18333333333333332,0.5166666666666667,0.3,60
0.16487455197132617,0.5698924731182796,0.26523297491039427,279
0.008264462809917356,0.6198347107438017,0.371900826446281,121
0.0,0.8181818181818182,0.18181818181818182,22
0.1125,0.6125,0.275,80
0.0861244019138756,0.5980861244019139,0.3157894736842105,209
0.23076923076923078,0.4230769230769231,0.34615384615384615,182
0.27631578947368424,0.45394736842105265,0.26973684210526316,152
0.14705882352941177,0.5735294117647058,0.27941176470588236,68
0.18333333333333332,0.5333333333333333,0.2833333333333333,300
0.12051282051282051,0.6128205128205129,0.26666666666666666,390
0.19,0.525,0.285,200
0.10849056603773585,0.5165094339622641,0.375,424
0.14049586776859505,0.5661157024793388,0.29338842975206614,242
0.12745098039215685,0.5882352941176471,0.28431372549019607,102
0.07042253521126761,0.4788732394366197,0.4507042253521127,71
0.26136363636363635,0.5454545454545454,0.19318181818181818,88
0.08949416342412451,0.8093385214007782,0.10116731517509728,257
0.0449438202247191,0.8033707865168539,0.15168539325842698,178
0.0,0.48,0.52,50
0.0625,0.125,0.8125,32
0.020618556701030927,0.6701030927835051,0.30927835051546393,194
0.06233766233766234,0.6493506493506493,0.2883116883116883,385
0.0,0.5263157894736842,0.47368421052631576,38
0.15315315315315314,0.6036036036036037,0.24324324324324326,222
0.12096774193548387,0.47580645161290325,0.4032258064516129,124
0.24,0.36,0.4,25
0.0,0.6481481481481481,0.35185185185185186,54
0.07567567567567568,0.6324324324324324,0.2918918918918919,185
0.11311053984575835,0.4961439588688946,0.390745501285347,389
0.0,0.2777777777777778,0.7222222222222222,18
nan,nan,nan,nan
0.17365269461077845,0.3712574850299401,0.4550898203592814,167
0.08139534883720931,0.4069767441860465,0.5116279069767442,86
0.05357142857142857,0.5238095238095238,0.4226190476190476,168
0.3898305084745763,0.5084745762711864,0.1016949152542373,59
0.24,0.24,0.52,100
0.09523809523809523,0.8571428571428571,0.047619047619047616,42
0.1902439024390244,0.44390243902439025,0.36585365853658536,205
0.18181818181818182,0.4484848484848485,0.3696969696969697,165
0.11618257261410789,0.5892116182572614,0.2946058091286307,482
0.25925925925925924,0.6111111111111112,0.12962962962962962,108
0.0,0.65,0.35,20
0.09785202863961814,0.6539379474940334,0.24821002386634844,419
0.46153846153846156,0.5384615384615384,0.0,26
0.20535714285714285,0.49107142857142855,0.30357142857142855,224
0.11140583554376658,0.5251989389920424,0.363395225464191,377
0.0,0.8157894736842105,0.18421052631578946,38
0.07981220657276995,0.5633802816901409,0.3568075117370892,426
0.03361344537815126,0.5210084033613446,0.44537815126050423,119
0.09803921568627451,0.5359477124183006,0.3660130718954248,153
0.0,0.6666666666666666,0.3333333333333333,30
0.1871508379888268,0.38268156424581007,0.4301675977653631,358
0.1388888888888889,0.6111111111111112,0.25,252
0.122568093385214,0.5778210116731517,0.29961089494163423,514
0.5333333333333333,0.0,0.4666666666666667,15
0.27419354838709675,0.5080645161290323,0.21774193548387097,124
0.0,0.7741935483870968,0.22580645161290322,31
0.12037037037037036,0.6388888888888888,0.24074074074074073,108
0.09375,0.8125,0.09375,32
0.3068181818181818,0.38636363636363635,0.3068181818181818,176
0.2222222222222222,0.2222222222222222,0.5555555555555556,18
0.1732283464566929,0.5433070866141733,0.28346456692913385,127
0.09326424870466321,0.48186528497409326,0.42487046632124353,193
0.06222222222222222,0.4711111111111111,0.4666666666666667,225
0.0,0.6,0.4,55
0.20833333333333334,0.2916666666666667,0.5,24
0.5238095238095238,0.2857142857142857,0.19047619047619047,21
0.07766990291262135,0.4401294498381877,0.48220064724919093,309
0.0,0.2857142857142857,0.7142857142857143,14
0.03571428571428571,0.5535714285714286,0.4107142857142857,112
0.15702479338842976,0.47107438016528924,0.371900826446281,363
0.28,0.48,0.24,25
0.0,1.0,0.0,20
1.0,0.0,0.0,24
0.16226415094339622,0.6452830188679245,0.19245283018867926,265
0.8,0.1,0.1,10
0.43529411764705883,0.25882352941176473,0.3058823529411765,85
nan,nan,nan,nan
0.11699779249448124,0.5938189845474614,0.2891832229580574,453
0.17902813299232737,0.6035805626598465,0.21739130434782608,391
0.0,0.5,0.5,52
0.048507462686567165,0.6567164179104478,0.2947761194029851,268
0.1751412429378531,0.5706214689265536,0.2542372881355932,177
0.036585365853658534,0.8536585365853658,0.10975609756097561,82
0.15196078431372548,0.5833333333333334,0.2647058823529412,204
0.05154639175257732,0.6701030927835051,0.27835051546391754,97
0.018691588785046728,0.6355140186915887,0.34579439252336447,107
0.1958041958041958,0.5874125874125874,0.21678321678321677,143
0.0,0.35714285714285715,0.6428571428571429,42
0.19444444444444445,0.6666666666666666,0.1388888888888889,144
0.0759493670886076,0.7721518987341772,0.1518987341772152,79
0.1791044776119403,0.26119402985074625,0.5597014925373134,134
0.345679012345679,0.654320987654321,0.0,81
0.0,0.0,1.0,6
0.11538461538461539,0.46703296703296704,0.4175824175824176,182
0.14746543778801843,0.4377880184331797,0.4147465437788018,217
0.038461538461538464,0.6153846153846154,0.34615384615384615,26
0.13425925925925927,0.6087962962962963,0.2569444444444444,432
0.29081632653061223,0.336734693877551,0.37244897959183676,196
0.3090909090909091,0.5818181818181818,0.10909090909090909,55
0.22916666666666666,0.5069444444444444,0.2638888888888889,144
0.13385826771653545,0.5039370078740157,0.36220472440944884,127
0.0041841004184100415,0.694560669456067,0.301255230125523,239
0.19444444444444445,0.3611111111111111,0.4444444444444444,36
0.0,0.8888888888888888,0.1111111111111111,27
0.23809523809523808,0.5079365079365079,0.25396825396825395,63
0.047619047619047616,0.6666666666666666,0.2857142857142857,231
0.1794871794871795,0.5384615384615384,0.28205128205128205,78
0.1309823677581864,0.5793450881612091,0.28967254408060455,397
0.06666666666666667,0.8,0.13333333333333333,75
0.11206896551724138,0.646551724137931,0.2413793103448276,116
0.034722222222222224,0.6944444444444444,0.2708333333333333,144
0.5483870967741935,0.45161290322580644,0.0,31
0.2857142857142857,0.45714285714285713,0.2571428571428571,35
0.0,0.6517857142857143,0.3482142857142857,112
0.07926829268292683,0.7804878048780488,0.1402439024390244,164
0.20869565217391303,0.5478260869565217,0.24347826086956523,345
0.05740181268882175,0.7099697885196374,0.2326283987915408,331
0.0,0.5222222222222223,0.4777777777777778,90
0.2,0.475,0.325,80
0.0,0.921875,0.078125,64
0.12949640287769784,0.4892086330935252,0.381294964028777,139
0.14102564102564102,0.6794871794871795,0.1794871794871795,156
nan,nan,nan,nan
0.1076923076923077,0.5897435897435898,0.30256410256410254,195
0.037037037037037035,0.8518518518518519,0.1111111111111111,54
0.01694915254237288,0.5389830508474577,0.4440677966101695,295
0.11855670103092783,0.634020618556701,0.24742268041237114,194
0.03546099290780142,0.5815602836879432,0.3829787234042553,141
0.07373271889400922,0.6082949308755761,0.31797235023041476,217
0.11528150134048257,0.6327077747989276,0.2520107238605898,373
0.0,0.8888888888888888,0.1111111111111111,9
0.039301310043668124,0.6026200873362445,0.35807860262008734,229
0.0,0.6530612244897959,0.3469387755102041,49
0.1,0.603225806451613,0.2967741935483871,310
0.09195402298850575,0.6781609195402298,0.22988505747126436,87
0.0,0.8409090909090909,0.1590909090909091,44
0.15942028985507245,0.6811594202898551,0.15942028985507245,138
0.18699186991869918,0.3861788617886179,0.4268292682926829,246
0.0,1.0,0.0,19
0.08022922636103152,0.6131805157593123,0.30659025787965616,349
0.12307692307692308,0.5769230769230769,0.3,130
0.3835616438356164,0.4794520547945205,0.136986301369863,73
0.0,1.0,0.0,40
0.15384615384615385,0.8461538461538461,0.0,26
0.1346153846153846,0.4166666666666667,0.44871794871794873,156
0.32075471698113206,0.6792452830188679,0.0,53
0.0410958904109589,0.660958904109589,0.2979452054794521,292
0.19318181818181818,0.7613636363636364,0.045454545454545456,88
0.2413793103448276,0.3706896551724138,0.3879310344827586,116
0.0,0.6808510638297872,0.3191489361702128,47
0.11320754716981132,0.7169811320754716,0.16981132075471697,106
0.16666666666666666,0.16666666666666666,0.6666666666666666,6
0.0,0.6902173913043478,0.30978260869565216,184
0.15,0.5611111111111111,0.28888888888888886,180
0.14069591527987896,0.649016641452345,0.2102874432677761,661
0.17275747508305647,0.4053156146179402,0.4219269102990033,301
0.22727272727272727,0.3409090909090909,0.4318181818181818,88
0.034782608695652174,0.5608695652173913,0.4043478260869565,230
0.0,0.2839506172839506,0.7160493827160493,81
0.14736842105263157,0.4631578947368421,0.3894736842105263,285
0.13636363636363635,0.4318181818181818,0.4318181818181818,88
0.19428571428571428,0.40285714285714286,0.40285714285714286,350
nan,nan,nan,nan
0.12158054711246201,0.6382978723404256,0.24012158054711247,329
0.08,0.509090909090909,0.4109090909090909,275
nan,nan,nan,nan
0.0,0.8450704225352113,0.15492957746478872,71
0.19736842105263158,0.5131578947368421,0.2894736842105263,76
0.11382113821138211,0.5555555555555556,0.33062330623306235,369
0.0,0.2727272727272727,0.7272727272727273,22
0.00904977375565611,0.7194570135746606,0.27149321266968324,221
0.21794871794871795,0.46153846153846156,0.32051282051282054,156
0.1643835616438356,0.7534246575342466,0.0821917808219178,73
0.015037593984962405,0.7443609022556391,0.24060150375939848,133
0.13218390804597702,0.7241379310344828,0.14367816091954022,174
0.16666666666666666,0.5337301587301587,0.2996031746031746,504
0.0,0.6470588235294118,0.35294117647058826,119
0.2191780821917808,0.7808219178082192,0.0,73
0.053763440860215055,0.6774193548387096,0.26881720430107525,93
0.15853658536585366,0.5579268292682927,0.28353658536585363,328
0.14074074074074075,0.4888888888888889,0.37037037037037035,135
0.0875,0.6125,0.3,80
0.11290322580645161,0.5161290322580645,0.3709677419354839,124
0.1717171717171717,0.5606060606060606,0.2676767676767677,396
0.0,0.6666666666666666,0.3333333333333333,60
0.1261682242990654,0.5607476635514018,0.3130841121495327,214
0.08256880733944955,0.5871559633027523,0.3302752293577982,327
0.2868217054263566,0.4263565891472868,0.2868217054263566,129
0.030303030303030304,0.601010101010101,0.3686868686868687,198
0.09545454545454546,0.6727272727272727,0.2318181818181818,220
0.5625,0.4375,0.0,16
0.16891891891891891,0.5675675675675675,0.2635135135135135,148
0.0,1.0,0.0,20
0.039473684210526314,0.8421052631578947,0.11842105263157894,152
0.0,0.75,0.25,56
0.4444444444444444,0.5555555555555556,0.0,9
0.36,0.32,0.32,50
0.19536423841059603,0.6688741721854304,0.1357615894039735,302
0.11926605504587157,0.43119266055045874,0.44954128440366975,218
0.1652892561983471,0.5867768595041323,0.24793388429752067,121
0.22727272727272727,0.22727272727272727,0.5454545454545454,66
0.24472573839662448,0.4345991561181435,0.3206751054852321,237
0.7647058823529411,0.11764705882352941,0.11764705882352941,17
0.05947955390334572,0.7137546468401487,0.22676579925650558,269
0.10115606936416185,0.546242774566474,0.35260115606936415,346
0.2182890855457227,0.5250737463126843,0.25663716814159293,339
0.05405405405405406,0.8648648648648649,0.08108108108108109,37
0.0,0.7669902912621359,0.23300970873786409,103
0.12290502793296089,0.7653631284916201,0.11173184357541899,179
0.14840989399293286,0.5017667844522968,0.3498233215547703,283
0.14697406340057637,0.5878962536023055,0.26512968299711814,347
0.11949685534591195,0.3490566037735849,0.5314465408805031,318
0.4666666666666667,0.4,0.13333333333333333,45
0.0,0.7755102040816326,0.22448979591836735,49
0.145,0.475,0.38,200
0.08536585365853659,0.2926829268292683,0.6219512195121951,82
0.05714285714285714,0.5877551020408164,0.3551020408163265,245
0.1588235294117647,0.6029411764705882,0.23823529411764705,340
0.35233160621761656,0.42487046632124353,0.22279792746113988,193
0.16105769230769232,0.6201923076923077,0.21875,416
0.05333333333333334,0.7866666666666666,0.16,225
0.210727969348659,0.578544061302682,0.210727969348659,261
0.11057692307692307,0.4326923076923077,0.4567307692307692,208
0.21333333333333335,0.5288888888888889,0.2577777777777778,225
0.4782608695652174,0.5217391304347826,0.0,23
0.047619047619047616,0.7301587301587301,0.2222222222222222,63
0.1894273127753304,0.5903083700440529,0.22026431718061673,227
0.17511520737327188,0.5622119815668203,0.2626728110599078,217
0.0962962962962963,0.562962962962963,0.34074074074074073,135
nan,nan,nan,nan
0.0,0.7142857142857143,0.2857142857142857,63
0.23357664233576642,0.6642335766423357,0.10218978102189781,137
0.0,0.6804123711340206,0.31958762886597936,97
0.05660377358490566,0.6415094339622641,0.3018867924528302,53
nan,nan,nan,nan
0.1572052401746725,0.5021834061135371,0.3406113537117904,229
nan,nan,nan,nan
0.08333333333333333,0.875,0.041666666666666664,24
0.0,0.7079646017699115,0.2920353982300885,113
0.008620689655172414,0.47844827586206895,0.5129310344827587,232
0.008403361344537815,0.6470588235294118,0.3445378151260504,119
0.04035874439461883,0.6278026905829597,0.33183856502242154,223
0.09090909090909091,0.6818181818181818,0.22727272727272727,44
0.10955710955710955,0.5477855477855478,0.34265734265734266,429
0.032,0.652,0.316,250
0.0,0.2777777777777778,0.7222222222222222,18
0.23728813559322035,0.4406779661016949,0.3220338983050847,59
0.08547008547008547,0.7008547008547008,0.21367521367521367,117
0.17562724014336917,0.6487455197132617,0.17562724014336917,279
0.08149171270718232,0.6464088397790055,0.27209944751381215,724
0.24705882352941178,0.5215686274509804,0.23137254901960785,255
0.35714285714285715,0.07142857142857142,0.5714285714285714,14
0.04477611940298507,0.5970149253731343,0.3582089552238806,134
0.0,0.6521739130434783,0.34782608695652173,46
0.25,0.5,0.25,12
0.04081632653061224,0.6632653061224489,0.29591836734693877,98
nan,nan,nan,nan
0.10619469026548672,0.5663716814159292,0.3274336283185841,113
0.25165562913907286,0.5364238410596026,0.2119205298013245,151
0.03076923076923077,0.8076923076923077,0.16153846153846155,130
0.0,0.6938775510204082,0.30612244897959184,49
0.0,1.0,0.0,9
0.09285714285714286,0.5857142857142857,0.32142857142857145,140
nan,nan,nan,nan
0.10526315789473684,0.5964912280701754,0.2982456140350877,171
0.0,0.5161290322580645,0.4838709677419355,31
0.0,0.5384615384615384,0.46153846153846156,26
0.06837606837606838,0.6752136752136753,0.2564102564102564,117
0.10975609756097561,0.6280487804878049,0.2621951219512195,328
0.19196428571428573,0.34375,0.4642857142857143,224
0.01639344262295082,0.6311475409836066,0.3524590163934426,122
0.0,0.7213114754098361,0.2786885245901639,61
0.12912912912912913,0.5615615615615616,0.30930930930930933,333
0.17993079584775087,0.6193771626297578,0.20069204152249134,289
0.043478260869565216,0.7898550724637681,0.16666666666666666,138
0.06315789473684211,0.7,0.23684210526315788,190
0.06521739130434782,0.7753623188405797,0.15942028985507245,138
nan,nan,nan,nan
0.1888111888111888,0.44755244755244755,0.36363636363636365,143
0.2,0.6,0.2,40
0.25806451612903225,0.12903225806451613,0.6129032258064516,31
0.12121212121212122,0.5272727272727272,0.3515151515151515,165
0.027149321266968326,0.6877828054298643,0.2850678733031674,221
0.0,0.7657657657657657,0.23423423423423423,111
0.18518518518518517,0.6592592592592592,0.15555555555555556,135
0.2727272727272727,0.42857142857142855,0.2987012987012987,231
0.058823529411764705,0.6617647058823529,0.27941176470588236,68
0.08403361344537816,0.5042016806722689,0.4117647058823529,119
0.06920415224913495,0.6228373702422145,0.3079584775086505,289
nan,nan,nan,nan
0.05291005291005291,0.5343915343915344,0.4126984126984127,189
0.03524229074889868,0.42731277533039647,0.5374449339207048,227
0.09090909090909091,0.43506493506493504,0.474025974025974,154
0.0,0.782608695652174,0.21739130434782608,23
0.2222222222222222,0.49206349206349204,0.2857142857142857,63
0.11428571428571428,0.45,0.4357142857142857,140
0.0,0.7878787878787878,0.21212121212121213,132
0.4827586206896552,0.0,0.5172413793103449,29
0.06532663316582915,0.6683417085427136,0.2663316582914573,199
0.03296703296703297,0.42857142857142855,0.5384615384615384,91
0.08695652173913043,0.717391304347826,0.1956521739130435,92
0.00975609756097561,0.4634146341463415,0.526829268292683,205
0.4,0.6,0.0,20
0.11538461538461539,0.5576923076923077,0.3269230769230769,52
0.164021164021164,0.544973544973545,0.291005291005291,189
0.10638297872340426,0.35106382978723405,0.5425531914893617,94
0.0,0.6,0.4,10
0.17777777777777778,0.6222222222222222,0.2,45
0.028169014084507043,0.5633802816901409,0.4084507042253521,71
nan,nan,nan,nan
0.2459016393442623,0.39344262295081966,0.36065573770491804,61
0.33783783783783783,0.5945945945945946,0.06756756756756757,74
0.10204081632653061,0.2653061224489796,0.6326530612244898,49
0.09230769230769231,0.6923076923076923,0.2153846153846154,65
0.1511111111111111,0.4888888888888889,0.36,225
0.07051282051282051,0.5384615384615384,0.391025641025641,156
0.0,0.7647058823529411,0.23529411764705882,17
0.0,0.8421052631578947,0.15789473684210525,19
0.05405405405405406,0.2702702702702703,0.6756756756756757,37
0.12408759124087591,0.6423357664233577,0.23357664233576642,137
0.0,1.0,0.0,28
0.35344827586206895,0.5258620689655172,0.1206896551724138,116
0.06962025316455696,0.6867088607594937,0.24367088607594936,316
0.16666666666666666,0.48717948717948717,0.34615384615384615,78
0.0,0.6666666666666666,0.3333333333333333,36
0.13138686131386862,0.45255474452554745,0.41605839416058393,137
0.11475409836065574,0.6202185792349727,0.2650273224043716,366
0.08620689655172414,0.5086206896551724,0.4051724137931034,116
0.20316622691292877,0.6226912928759895,0.1741424802110818,379
0.2,0.7111111111111111,0.08888888888888889,90
0.0664451827242525,0.47840531561461797,0.45514950166112955,301
0.2857142857142857,0.16483516483516483,0.5494505494505495,91
nan,nan,nan,nan
0.0,0.42424242424242425,0.5757575757575758,66
0.06756756756756757,0.6216216216216216,0.3108108108108108,74
0.030927835051546393,0.4845360824742268,0.4845360824742268,97
0.04,0.8,0.16,50
nan,nan,nan,nan
0.017699115044247787,0.5929203539823009,0.3893805309734513,113
0.0,0.9292035398230089,0.07079646017699115,113
0.26865671641791045,0.5223880597014925,0.208955223880597,67
0.0,0.8349514563106796,0.1650485436893204,103
0.15343915343915343,0.6031746031746031,0.24338624338624337,189
0.0,1.0,0.0,9
0.17777777777777778,0.37777777777777777,0.4444444444444444,135
0.17647058823529413,0.5098039215686274,0.3137254901960784,51
nan,nan,nan,nan
0.23931623931623933,0.47863247863247865,0.28205128205128205,117
0.2413793103448276,0.7586206896551724,0.0,29
0.0,0.2549019607843137,0.7450980392156863,51
0.5,0.28125,0.21875,32
0.0,0.3958333333333333,0.6041666666666666,48
0.09473684210526316,0.6280701754385964,0.2771929824561403,285
0.09090909090909091,0.6363636363636364,0.2727272727272727,385
0.1564625850340136,0.6031746031746031,0.24036281179138322,441
0.09836065573770492,0.5327868852459017,0.36885245901639346,122
0.08208955223880597,0.6567164179104478,0.26119402985074625,268
0.13385826771653545,0.4566929133858268,0.4094488188976378,127
0.09703504043126684,0.7169811320754716,0.18598382749326145,371
nan,nan,nan,nan
0.1619047619047619,0.3619047619047619,0.47619047619047616,105
0.06567164179104477,0.6805970149253732,0.2537313432835821,335
0.05263157894736842,0.5394736842105263,0.40789473684210525,152
nan,nan,nan,nan
0.25,0.7125,0.0375,80
0.1239193083573487,0.5187319884726225,0.3573487031700288,347
0.0,0.5490196078431373,0.45098039215686275,102
0.12091503267973856,0.6209150326797386,0.2581699346405229,306
0.176056338028169,0.6126760563380281,0.2112676056338028,142
0.0,0.3333333333333333,0.6666666666666666,30
0.4,0.4,0.2,5
0.08571428571428572,0.3333333333333333,0.580952380952381,105
0.09523809523809523,0.6476190476190476,0.2571428571428571,105
0.06862745098039216,0.5228758169934641,0.4084967320261438,306
0.15286624203821655,0.4968152866242038,0.3503184713375796,157
0.050724637681159424,0.6376811594202898,0.3115942028985507,138
0.0684931506849315,0.5205479452054794,0.410958904109589,146
nan,nan,nan,nan
0.14563106796116504,0.4563106796116505,0.39805825242718446,103
0.0,0.5074626865671642,0.4925373134328358,67
0.18,0.68,0.14,50
nan,nan,nan,nan
0.2624113475177305,0.5390070921985816,0.19858156028368795,141
nan,nan,nan,nan
0.14763231197771587,0.6211699164345403,0.23119777158774374,359
0.18461538461538463,0.2846153846153846,0.5307692307692308,130
0.05442176870748299,0.673469387755102,0.272108843537415,147
0.045454545454545456,0.6363636363636364,0.3181818181818182,22
0.0,0.7241379310344828,0.27586206896551724,29
0.0,0.9166666666666666,0.08333333333333333,36
nan,nan,nan,nan
0.2857142857142857,0.30357142857142855,0.4107142857142857,112
0.012987012987012988,0.935064935064935,0.05194805194805195,77
0.11464968152866242,0.6687898089171974,0.21656050955414013,157
0.24427480916030533,0.4198473282442748,0.33587786259541985,131
0.18007662835249041,0.48659003831417624,0.3333333333333333,261
0.14942528735632185,0.7816091954022989,0.06896551724137931,87
0.13978494623655913,0.5591397849462365,0.3010752688172043,93
0.0,0.6956521739130435,0.30434782608695654,69
0.12875536480686695,0.5879828326180258,0.2832618025751073,233
0.1452991452991453,0.6495726495726496,0.20512820512820512,117
0.09009009009009009,0.6756756756756757,0.23423423423423423,222
0.032,0.528,0.44,125
0.1,0.68,0.22,100
0.2608695652173913,0.4,0.3391304347826087,115
0.07407407407407407,0.6296296296296297,0.2962962962962963,108
0.0,0.68,0.32,75
0.19047619047619047,0.35714285714285715,0.4523809523809524,42
0.12222222222222222,0.5888888888888889,0.28888888888888886,90
0.1620879120879121,0.5192307692307693,0.31868131868131866,364
0.06918238993710692,0.5283018867924528,0.4025157232704403,159
0.0,1.0,0.0,24
0.18518518518518517,0.5841750841750841,0.23063973063973064,594
0.0,1.0,0.0,21
0.18095238095238095,0.5904761904761905,0.22857142857142856,105
0.1103448275862069,0.3758620689655172,0.5137931034482759,290
0.136986301369863,0.4246575342465753,0.4383561643835616,73
nan,nan,nan,nan
0.0,0.7567567567567568,0.24324324324324326,148
0.06060606060606061,0.5,0.4393939393939394,132
0.034482758620689655,0.4827586206896552,0.4827586206896552,29
0.20833333333333334,0.6875,0.10416666666666667,48
0.07317073170731707,0.5585365853658537,0.36829268292682926,410
0.0,0.8181818181818182,0.18181818181818182,11
0.0,0.6363636363636364,0.36363636363636365,33
0.16040955631399317,0.5699658703071673,0.2696245733788396,293
0.10032362459546926,0.6019417475728155,0.2977346278317152,309
0.21951219512195122,0.47560975609756095,0.3048780487804878,82
0.03409090909090909,0.5568181818181818,0.4090909090909091,88
0.43243243243243246,0.5675675675675675,0.0,37
1.0,0.0,0.0,8
0.375,0.375,0.25,32
0.2542372881355932,0.576271186440678,0.1694915254237288,118
nan,nan,nan,nan
0.1390284757118928,0.49748743718592964,0.36348408710217756,597
0.14606741573033707,0.5842696629213483,0.2696629213483146,89
0.2169811320754717,0.46226415094339623,0.32075471698113206,212
0.08771929824561403,0.8070175438596491,0.10526315789473684,171
nan,nan,nan,nan
0.12297734627831715,0.5598705501618123,0.31715210355987056,309
nan,nan,nan,nan
0.0,0.6495726495726496,0.3504273504273504,117
0.018867924528301886,0.6981132075471698,0.2830188679245283,53
0.14285714285714285,0.25,0.6071428571428571,28
0.21153846153846154,0.5384615384615384,0.25,156
0.0,0.5949367088607594,0.4050632911392405,79
0.11737089201877934,0.6384976525821596,0.24413145539906103,213
0.0,0.5294117647058824,0.47058823529411764,34
0.0625,0.7569444444444444,0.18055555555555555,144
0.2289156626506024,0.5783132530120482,0.1927710843373494,166
nan,nan,nan,nan
0.11479591836734694,0.5688775510204082,0.3163265306122449,392
0.2107843137254902,0.39215686274509803,0.39705882352941174,204
0.16,0.6733333333333333,0.16666666666666666,150
0.0,0.5714285714285714,0.42857142857142855,49
0.08571428571428572,0.24285714285714285,0.6714285714285714,70
0.19553072625698323,0.5363128491620112,0.2681564245810056,179
0.3684210526315789,0.631578947368421,0.0,19
0.26744186046511625,0.5581395348837209,0.1744186046511628,86
0.0,0.9285714285714286,0.07142857142857142,28
0.03333333333333333,0.5666666666666667,0.4,90
0.2631578947368421,0.4842105263157895,0.25263157894736843,95
0.15081206496519722,0.6218097447795824,0.2273781902552204,862
nan,nan,nan,nan
0.0,0.6712328767123288,0.3287671232876712,73
0.10740740740740741,0.5481481481481482,0.34444444444444444,270
0.1724137931034483,0.6551724137931034,0.1724137931034483,29
0.3,0.3333333333333333,0.36666666666666664,30
0.07407407407407407,0.6296296296296297,0.2962962962962963,81
0.18556701030927836,0.5979381443298969,0.21649484536082475,97
0.0,1.0,0.0,24
0.0,0.5308641975308642,0.4691358024691358,162
0.14678899082568808,0.30275229357798167,0.5504587155963303,109
0.1206896551724138,0.7413793103448276,0.13793103448275862,58
0.0,0.576271186440678,0.423728813559322,59
0.15384615384615385,0.7692307692307693,0.07692307692307693,39
0.0,0.24299065420560748,0.7570093457943925,107
0.029045643153526972,0.7178423236514523,0.25311203319502074,241
0.0,0.4411764705882353,0.5588235294117647,34
0.1,0.55,0.35,40
0.0945945945945946,0.6441441441441441,0.26126126126126126,222
0.2532467532467532,0.45670995670995673,0.29004329004329005,462
0.0,0.71,0.29,100
0.14492753623188406,0.3804347826086957,0.4746376811594203,276
0.13346228239845262,0.5512572533849129,0.3152804642166344,517
0.07425742574257425,0.49504950495049505,0.4306930693069307,202
0.16279069767441862,0.6511627906976745,0.18604651162790697,86
0.0,0.0,1.0,5
nan,nan,nan,nan
0.17613636363636365,0.5397727272727273,0.2840909090909091,176
0.06043956043956044,0.4945054945054945,0.44505494505494503,182
0.1,0.68,0.22,50
0.09725685785536159,0.5760598503740648,0.3266832917705736,401
0.0,0.8292682926829268,0.17073170731707318,41
0.04680851063829787,0.5914893617021276,0.3617021276595745,235
0.16147308781869688,0.5325779036827195,0.3059490084985836,353
0.10135135135135136,0.581081081081081,0.31756756756756754,148
0.2640449438202247,0.6629213483146067,0.07303370786516854,178
0.05291005291005291,0.6031746031746031,0.3439153439153439,189
0.17791411042944785,0.4263803680981595,0.39570552147239263,326
0.21052631578947367,0.24561403508771928,0.543859649122807,57
0.0,0.7642276422764228,0.23577235772357724,123
0.17647058823529413,0.7058823529411765,0.11764705882352941,34
0.15126050420168066,0.7310924369747899,0.11764705882352941,119
0.2125984251968504,0.515748031496063,0.27165354330708663,254
0.0,0.6451612903225806,0.3548387096774194,93
0.02717391304347826,0.7717391304347826,0.20108695652173914,184
0.0,0.07142857142857142,0.9285714285714286,42
0.16083916083916083,0.6293706293706294,0.2097902097902098,143
0.10572687224669604,0.5330396475770925,0.36123348017621143,227
0.19256756756756757,0.5709459459459459,0.23648648648648649,296
0.16831683168316833,0.48514851485148514,0.3465346534653465,101
0.07,0.67,0.26,100
0.05357142857142857,0.5089285714285714,0.4375,112
0.2571428571428571,0.47619047619047616,0.26666666666666666,105
0.13761467889908258,0.30275229357798167,0.5596330275229358,109
0.0,0.71875,0.28125,32
0.168,0.4,0.432,250
0.06521739130434782,0.5652173913043478,0.3695652173913043,92
0.033112582781456956,0.6225165562913907,0.3443708609271523,151
0.0,0.22857142857142856,0.7714285714285715,35
0.14814814814814814,0.6518518518518519,0.2,135
0.1178343949044586,0.4872611464968153,0.39490445859872614,314
0.10179640718562874,0.6107784431137725,0.2874251497005988,167
0.09090909090909091,0.5064935064935064,0.4025974025974026,77
0.15702479338842976,0.6060606060606061,0.2369146005509642,363
0.20967741935483872,0.3870967741935484,0.4032258064516129,62
0.08849557522123894,0.6327433628318584,0.27876106194690264,226
0.0729483282674772,0.5379939209726444,0.3890577507598784,329
0.08362369337979095,0.5226480836236934,0.39372822299651566,287
0.2888198757763975,0.4472049689440994,0.2639751552795031,322
0.0,0.7083333333333334,0.2916666666666667,48
0.3230769230769231,0.38461538461538464,0.2923076923076923,130
0.17525773195876287,0.4536082474226804,0.3711340206185567,97
0.07580174927113703,0.6676384839650146,0.2565597667638484,343
0.0,0.6444444444444445,0.35555555555555557,135
0.1282051282051282,0.6047008547008547,0.2670940170940171,468
0.1,0.6363636363636364,0.2636363636363636,220
nan,nan,nan,nan
0.2605633802816901,0.4964788732394366,0.24295774647887325,284
0.25287356321839083,0.41379310344827586,0.3333333333333333,87
0.075,0.46875,0.45625,160
0.0,0.7701149425287356,0.22988505747126436,87
0.0784313725490196,0.7156862745098039,0.20588235294117646,102
0.1,0.9,0.0,20
0.29508196721311475,0.4016393442622951,0.30327868852459017,122
0.20833333333333334,0.49166666666666664,0.3,120
0.22115384615384615,0.5288461538461539,0.25,104
0.0,0.5714285714285714,0.42857142857142855,7
nan,nan,nan,nan
0.06842105263157895,0.6473684210526316,0.28421052631578947,190
